M
V -75.450240, 164.489721, 11.417584
V -73.640411, 166.877595, 15.566997
V -68.878431, 168.753388, 15.566997
V -65.926280, 168.241308, 11.417584
V -67.736109, 165.853434, 7.268171
V -72.498088, 163.977640, 7.268171

M
V -76.515404, 167.193798, 19.789207
V -74.628462, 169.385908, 24.011665
V -69.866482, 171.261702, 24.011665
V -66.991444, 170.945385, 19.789207
V -68.878386, 168.753274, 15.566748
V -73.640366, 166.877480, 15.566748

M
V -77.425152, 169.503327, 28.296497
V -75.459862, 171.496540, 32.581330
V -70.697882, 173.372333, 32.581330
V -67.901192, 173.254915, 28.296497
V -69.866482, 171.261702, 24.011665
V -74.628462, 169.385908, 24.011665

M
V -78.177154, 171.412396, 36.917722
V -76.132467, 173.204047, 41.254114
V -71.370487, 175.079840, 41.254114
V -68.653195, 175.163984, 36.917722
V -70.697882, 173.372333, 32.581330
V -75.459862, 171.496540, 32.581330

M
V -78.769513, 172.916186, 45.631120
V -76.644579, 174.504119, 50.008125
V -71.882599, 176.379913, 50.008125
V -69.245553, 176.667773, 45.631120
V -71.370487, 175.079840, 41.254114
V -76.132467, 173.204047, 41.254114

M
V -79.200732, 174.010901, 54.414696
V -76.994906, 175.393476, 58.821267
V -72.232926, 177.269269, 58.821267
V -69.676773, 177.762488, 54.414696
V -71.882599, 176.379913, 50.008125
V -76.644579, 174.504119, 50.008125

M
V -79.469724, 174.693777, 63.246281
V -77.182563, 175.869872, 67.671295
V -72.420583, 177.745665, 67.671295
V -69.945765, 178.445364, 63.246281
V -72.232926, 177.269269, 58.821267
V -76.994906, 175.393476, 58.821267

M
V -79.575810, 174.963091, 72.103582
V -77.207077, 175.932105, 76.535869
V -72.445097, 177.807898, 76.535869
V -70.051851, 178.714679, 72.103582
V -72.420583, 177.745665, 67.671295
V -77.182563, 175.869872, 67.671295

M
V -79.518722, 174.818164, 80.964243
V -77.068386, 175.580017, 85.392616
V -72.306407, 177.455811, 85.392616
V -69.994762, 178.569751, 80.964243
V -72.445097, 177.807898, 76.535869
V -77.207077, 175.932105, 76.535869

M
V -79.298603, 174.259361, 89.805897
V -76.766840, 174.814498, 94.219178
V -72.004861, 176.690292, 94.219178
V -69.774644, 178.010948, 89.805897
V -72.306407, 177.455811, 85.392616
V -77.068386, 175.580017, 85.392616

M
V -78.916010, 173.288092, 98.606228
V -76.303200, 173.637479, 102.993278
V -71.541221, 175.513273, 102.993278
V -69.392051, 177.039679, 98.606228
V -72.004861, 176.690292, 94.219178
V -76.766840, 174.814498, 94.219178

M
V -78.371908, 171.906809, 107.343023
V -75.678637, 172.051933, 111.692768
V -70.916657, 173.927726, 111.692768
V -68.847949, 175.658397, 107.343023
V -71.541221, 175.513273, 102.993278
V -76.303200, 173.637479, 102.993278

M
V -77.667671, 170.118999, 115.994228
V -74.894726, 170.061860, 120.295689
V -70.132747, 171.937653, 120.295689
V -68.143712, 173.870587, 115.994228
V -70.916657, 173.927726, 111.692768
V -75.678637, 172.051933, 111.692768

M
V -76.805076, 167.929175, 124.538007
V -73.953447, 167.672283, 128.780326
V -69.191467, 169.548077, 128.780326
V -67.281117, 171.680762, 124.538007
V -70.132747, 171.937653, 120.295689
V -74.894726, 170.061860, 120.295689

M
V -75.786301, 165.342863, 132.952795
V -72.857176, 164.889236, 137.125264
V -68.095196, 166.765029, 137.125264
V -66.262342, 169.094450, 132.952795
V -69.191467, 169.548077, 128.780326
V -73.953447, 167.672283, 128.780326

M
V -74.612855, 162.363896, 141.216628
V -71.607586, 161.716967, 145.308680
V -66.845606, 163.592761, 145.308680
V -65.088895, 166.115483, 141.216628
V -68.094165, 166.762411, 137.124575
V -72.856144, 164.886618, 137.124575

M
V -83.145047, 163.076952, 15.585009
V -81.296824, 165.367356, 19.772273
V -76.534844, 167.243150, 19.772273
V -73.621088, 166.828539, 15.585009
V -75.469311, 164.538135, 11.397746
V -80.231290, 162.662342, 11.397746

M
V -84.132831, 165.584589, 24.027261
V -82.206859, 167.677615, 28.282249
V -77.444879, 169.553409, 28.282249
V -74.608872, 169.336176, 24.027261
V -76.534844, 167.243150, 19.772273
V -81.296824, 165.367356, 19.772273

M
V -84.963969, 167.694554, 32.594222
V -82.959099, 169.587287, 36.906195
V -78.197119, 171.463080, 36.906195
V -75.440009, 171.446141, 32.594222
V -77.444879, 169.553409, 28.282249
V -82.206859, 167.677615, 28.282249

M
V -85.636361, 169.401522, 41.264269
V -83.551644, 171.091551, 45.622343
V -78.789664, 172.967345, 45.622343
V -76.112402, 173.153109, 41.264269
V -78.197119, 171.463080, 36.906195
V -82.959099, 169.587287, 36.906195

M
V -86.148312, 170.701184, 50.015518
V -83.983000, 172.186611, 54.408692
V -79.221020, 174.062405, 54.408692
V -76.624352, 174.452772, 50.015518
V -78.789664, 172.967345, 45.622343
V -83.551644, 171.091551, 45.622343

M
V -86.498528, 171.590260, 58.825879
V -84.252077, 172.869703, 63.243065
V -79.490097, 174.745497, 63.243065
V -76.974569, 175.341848, 58.825879
V -79.221020, 174.062405, 54.408692
V -83.983000, 172.186611, 54.408692

M
V -86.686126, 172.066506, 67.673113
V -84.358196, 173.139102, 72.103162
V -79.596216, 175.014896, 72.103162
V -77.162167, 175.818093, 67.673113
V -79.490097, 174.745497, 63.243065
V -84.252077, 172.869703, 63.243065

M
V -86.710633, 172.128719, 76.534891
V -84.301090, 172.994129, 80.966620
V -79.539110, 174.869923, 80.966620
V -77.186673, 175.880306, 76.534891
V -79.596216, 175.014896, 72.103162
V -84.358196, 173.139102, 72.103162

M
V -86.571985, 171.776743, 85.388842
V -84.080902, 172.435149, 89.811065
V -79.318922, 174.310943, 89.811065
V -77.048026, 175.528330, 85.388842
V -79.539110, 174.869923, 80.966620
V -84.301090, 172.994129, 80.966620

M
V -86.270535, 171.011465, 94.212620
V -83.698188, 171.463574, 98.614174
V -78.936208, 173.339368, 98.614174
V -76.746575, 174.763052, 94.212620
V -79.318922, 174.310943, 89.811065
V -84.080902, 172.435149, 89.811065

M
V -85.807041, 169.834818, 102.983950
V -83.153914, 170.081855, 107.353726
V -78.391935, 171.957649, 107.353726
V -76.283082, 173.586405, 102.983950
V -78.936208, 173.339368, 98.614174
V -83.698188, 171.463574, 98.614174

M
V -85.182675, 168.249772, 111.680695
V -82.449455, 168.293481, 116.007663
V -77.687475, 170.169275, 116.007663
V -75.658715, 172.001359, 111.680695
V -78.391935, 171.957649, 107.353726
V -83.153914, 170.081855, 107.353726

M
V -84.399011, 166.260326, 120.280901
V -81.586588, 166.102965, 124.554139
V -76.824608, 167.978759, 124.554139
V -74.875052, 170.011914, 120.280901
V -77.687475, 170.169275, 116.007663
V -82.449455, 168.293481, 116.007663

M
V -83.458029, 163.871504, 128.762861
V -80.567491, 163.515837, 132.971583
V -75.805511, 165.391631, 132.971583
V -73.934070, 167.623092, 128.762861
V -76.824608, 167.978759, 124.554139
V -81.586588, 166.102965, 124.554139

M
V -82.362104, 161.089335, 137.105166
V -79.394737, 160.538627, 141.238748
V -74.632757, 162.414420, 141.238748
V -72.838144, 164.840922, 137.105166
V -75.805511, 165.391631, 132.971583
V -80.567491, 163.515837, 132.971583

M
V -82.003109, 160.177974, 7.288777
V -80.231290, 162.662342, 11.397746
V -75.469311, 164.538135, 11.397746
V -72.479150, 163.929561, 7.288777
V -74.250968, 161.445193, 3.179808
V -79.012948, 159.569399, 3.179808

M
V -93.055452, 167.288805, 45.631120
V -90.930518, 168.876738, 50.008125
V -86.168538, 170.752532, 50.008125
V -83.531492, 171.040392, 45.631120
V -85.656426, 169.452459, 41.254114
V -90.418406, 167.576666, 41.254114

M
V -93.755663, 169.066396, 63.246281
V -91.468502, 170.242491, 67.671295
V -86.706522, 172.118284, 67.671295
V -84.231704, 172.817983, 63.246281
V -86.518865, 171.641888, 58.821267
V -91.280845, 169.766095, 58.821267

M
V -98.684950, 160.632945, 120.280901
V -95.872527, 160.475584, 124.554139
V -91.110547, 162.351378, 124.554139
V -89.160991, 164.384533, 120.280901
V -91.973414, 164.541894, 116.007663
V -96.735394, 162.666100, 116.007663

M
V -100.972065, 166.439125, 67.673113
V -98.644135, 167.511721, 72.103162
V -93.882155, 169.387515, 72.103162
V -91.448106, 170.190712, 67.673113
V -93.776036, 169.118116, 63.243065
V -98.538016, 167.242322, 63.243065

M
V -99.249908, 162.067173, 32.594222
V -97.245038, 163.959906, 36.906195
V -92.483058, 165.835699, 36.906195
V -89.725948, 165.818760, 32.594222
V -91.730818, 163.926027, 28.282249
V -96.492798, 162.050234, 28.282249

M
V -91.091016, 162.301794, 124.538007
V -88.239386, 162.044902, 128.780326
V -83.477406, 163.920696, 128.780326
V -81.567056, 166.053381, 124.538007
V -84.418686, 166.310272, 120.295689
V -89.180665, 164.434479, 120.295689

M
V -97.430986, 157.449571, 15.585009
V -95.582763, 159.739975, 19.772273
V -90.820783, 161.615769, 19.772273
V -87.907027, 161.201158, 15.585009
V -89.755250, 158.910754, 11.397746
V -94.517229, 157.034961, 11.397746

M
V -100.556474, 165.384084, 94.212620
V -97.984127, 165.836193, 98.614174
V -93.222147, 167.711987, 98.614174
V -91.032514, 169.135671, 94.212620
V -93.604861, 168.683562, 89.811065
V -98.366841, 166.807768, 89.811065

M
V -100.857924, 166.149361, 85.388842
V -98.366841, 166.807768, 89.811065
V -93.604861, 168.683562, 89.811065
V -91.333965, 169.900949, 85.388842
V -93.825049, 169.242542, 80.966620
V -98.587029, 167.366748, 80.966620

M
V -96.289048, 154.550593, 7.288777
V -94.517229, 157.034961, 11.397746
V -89.755250, 158.910754, 11.397746
V -86.765089, 158.302180, 7.288777
V -88.536907, 155.817812, 3.179808
V -93.298887, 153.942018, 3.179808

M
V -100.092980, 164.207437, 102.983950
V -97.439854, 164.454474, 107.353726
V -92.677874, 166.330268, 107.353726
V -90.569021, 167.959024, 102.983950
V -93.222147, 167.711987, 98.614174
V -97.984127, 165.836193, 98.614174

M
V -91.711091, 163.875946, 28.296497
V -89.745801, 165.869159, 32.581330
V -84.983821, 167.744952, 32.581330
V -82.187131, 167.627534, 28.296497
V -84.152421, 165.634321, 24.011665
V -88.914401, 163.758527, 24.011665

M
V -90.801343, 161.566416, 19.789207
V -88.914401, 163.758527, 24.011665
V -84.152421, 165.634321, 24.011665
V -81.277383, 165.318004, 19.789207
V -83.164325, 163.125893, 15.566748
V -87.926305, 161.250099, 15.566748

M
V -99.922300, 163.774141, 41.264269
V -97.837583, 165.464170, 45.622343
V -93.075603, 167.339964, 45.622343
V -90.398341, 167.525728, 41.264269
V -92.483058, 165.835699, 36.906195
V -97.245038, 163.959906, 36.906195

M
V -100.996572, 166.501338, 76.534891
V -98.587029, 167.366748, 80.966620
V -93.825049, 169.242542, 80.966620
V -91.472612, 170.252925, 76.534891
V -93.882155, 169.387515, 72.103162
V -98.644135, 167.511721, 72.103162

M
V -92.463093, 165.785015, 36.917722
V -90.418406, 167.576666, 41.254114
V -85.656426, 169.452459, 41.254114
V -82.939134, 169.536603, 36.917722
V -84.983821, 167.744952, 32.581330
V -89.745801, 165.869159, 32.581330

M
V -99.468614, 162.622390, 111.680695
V -96.735394, 162.666100, 116.007663
V -91.973414, 164.541894, 116.007663
V -89.944654, 166.373978, 111.680695
V -92.677874, 166.330268, 107.353726
V -97.439854, 164.454474, 107.353726

M
V -98.418770, 159.957208, 24.027261
V -96.492798, 162.050234, 28.282249
V -91.730818, 163.926027, 28.282249
V -88.894811, 163.708795, 24.027261
V -90.820783, 161.615769, 19.772273
V -95.582763, 159.739975, 19.772273

M
V -93.486671, 168.383520, 54.414696
V -91.280845, 169.766095, 58.821267
V -86.518865, 171.641888, 58.821267
V -83.962712, 172.135107, 54.414696
V -86.168538, 170.752532, 50.008125
V -90.930518, 168.876738, 50.008125

M
V -93.861749, 169.335710, 72.103582
V -91.493016, 170.304723, 76.535869
V -86.731037, 172.180517, 76.535869
V -84.337790, 173.087298, 72.103582
V -86.706522, 172.118284, 67.671295
V -91.468502, 170.242491, 67.671295

M
V -100.784467, 165.962879, 58.825879
V -98.538016, 167.242322, 63.243065
V -93.776036, 169.118116, 63.243065
V -91.260508, 169.714467, 58.825879
V -93.506959, 168.435024, 54.408692
V -98.268939, 166.559230, 54.408692

M
V -97.743968, 158.244123, 128.762861
V -94.853430, 157.888456, 132.971583
V -90.091450, 159.764250, 132.971583
V -88.220009, 161.995711, 128.762861
V -91.110547, 162.351378, 124.554139
V -95.872527, 160.475584, 124.554139

M
V -96.648043, 155.461954, 137.105166
V -93.680676, 154.911246, 141.238748
V -88.918696, 156.787039, 141.238748
V -87.124083, 159.213541, 137.105166
V -90.091450, 159.764250, 132.971583
V -94.853430, 157.888456, 132.971583

M
V -100.434251, 165.073803, 50.015518
V -98.268939, 166.559230, 54.408692
V -93.506959, 168.435024, 54.408692
V -90.910291, 168.825391, 50.015518
V -93.075603, 167.339964, 45.622343
V -97.837583, 165.464170, 45.622343

M
V -90.072240, 159.715482, 132.952795
V -87.143115, 159.261855, 137.125264
V -82.381135, 161.137648, 137.125264
V -80.548281, 163.467069, 132.952795
V -83.477406, 163.920696, 128.780326
V -88.239386, 162.044902, 128.780326

M
V -93.584542, 168.631980, 89.805897
V -91.052779, 169.187117, 94.219178
V -86.290800, 171.062910, 94.219178
V -84.060583, 172.383567, 89.805897
V -86.592346, 171.828430, 85.392616
V -91.354325, 169.952636, 85.392616

M
V -93.804661, 169.190783, 80.964243
V -91.354325, 169.952636, 85.392616
V -86.592346, 171.828430, 85.392616
V -84.280701, 172.942370, 80.964243
V -86.731037, 172.180517, 76.535869
V -91.493016, 170.304723, 76.535869

M
V -93.201949, 167.660711, 98.606228
V -90.589139, 168.010098, 102.993278
V -85.827160, 169.885892, 102.993278
V -83.677990, 171.412298, 98.606228
V -86.290800, 171.062910, 94.219178
V -91.052779, 169.187117, 94.219178

M
V -92.657847, 166.279428, 107.343023
V -89.964576, 166.424552, 111.692768
V -85.202596, 168.300345, 111.692768
V -83.133888, 170.031016, 107.343023
V -85.827160, 169.885892, 102.993278
V -90.589139, 168.010098, 102.993278

M
V -91.953610, 164.491618, 115.994228
V -89.180665, 164.434479, 120.295689
V -84.418686, 166.310272, 120.295689
V -82.429651, 168.243206, 115.994228
V -85.202596, 168.300345, 111.692768
V -89.964576, 166.424552, 111.692768

M
V -88.898794, 156.736514, 141.216628
V -85.893525, 156.089586, 145.308680
V -81.131545, 157.965380, 145.308680
V -79.374834, 160.488102, 141.216628
V -82.380104, 161.135030, 137.124575
V -87.142083, 159.259237, 137.124575

M
V -89.736179, 158.862340, 11.417584
V -87.926350, 161.250214, 15.566997
V -83.164370, 163.126007, 15.566997
V -80.212219, 162.613927, 11.417584
V -82.022048, 160.226053, 7.268171
V -86.784027, 158.350259, 7.268171

M
V -104.377283, 154.136599, 132.933219
V -101.448158, 153.682972, 137.105688
V -96.686178, 155.558766, 137.105688
V -94.853324, 157.888187, 132.933219
V -97.782450, 158.341814, 128.760750
V -102.544429, 156.466020, 128.760750

M
V -104.041222, 153.283457, 11.398008
V -102.231393, 155.671331, 15.547421
V -97.469413, 157.547125, 15.547421
V -94.517262, 157.035045, 11.398008
V -96.327091, 154.647170, 7.248594
V -101.089071, 152.771377, 7.248594

M
V -103.203837, 151.157632, 141.197051
V -100.198568, 150.510704, 145.289103
V -95.436588, 152.386497, 145.289103
V -93.679878, 154.909219, 141.197051
V -96.685147, 155.556148, 137.104998
V -101.447126, 153.680354, 137.104998

M
V -107.506992, 162.081828, 98.586652
V -104.894182, 162.431216, 102.973701
V -100.132203, 164.307010, 102.973701
V -97.983033, 165.833416, 98.586652
V -100.595843, 165.484028, 94.199602
V -105.357822, 163.608234, 94.199602

M
V -108.109704, 163.611900, 80.944666
V -105.659368, 164.373754, 85.373039
V -100.897389, 166.249547, 85.373039
V -98.585744, 167.363488, 80.944666
V -101.036080, 166.601635, 76.516293
V -105.798059, 164.725841, 76.516293

M
V -107.889585, 163.053097, 89.786321
V -105.357822, 163.608234, 94.199602
V -100.595843, 165.484028, 94.199602
V -98.365626, 166.804684, 89.786321
V -100.897389, 166.249547, 85.373039
V -105.659368, 164.373754, 85.373039

M
V -106.258654, 158.912736, 115.974651
V -103.485708, 158.855596, 120.276112
V -98.723729, 160.731390, 120.276112
V -96.734694, 162.664323, 115.974651
V -99.507639, 162.721463, 111.673191
V -104.269619, 160.845669, 111.673191

M
V -106.962891, 160.700546, 107.323446
V -104.269619, 160.845669, 111.673191
V -99.507639, 162.721463, 111.673191
V -97.438931, 164.452133, 107.323446
V -100.132203, 164.307010, 102.973701
V -104.894182, 162.431216, 102.973701

M
V -115.277108, 160.860242, 67.653537
V -112.949178, 161.932839, 72.083585
V -108.187199, 163.808633, 72.083585
V -105.753149, 164.611830, 67.653537
V -108.081079, 163.539233, 63.223488
V -112.843059, 161.663440, 63.223488

M
V -111.736029, 151.870689, 15.565433
V -109.887806, 154.161093, 19.752696
V -105.125826, 156.036886, 19.752696
V -102.212070, 155.622276, 15.565433
V -104.060293, 153.331872, 11.378170
V -108.822272, 151.456078, 11.378170

M
V -114.227343, 158.195258, 41.244692
V -112.142626, 159.885288, 45.602766
V -107.380647, 161.761081, 45.602766
V -104.703384, 161.946846, 41.244692
V -106.788101, 160.256817, 36.886618
V -111.550081, 158.381023, 36.886618

M
V -110.953086, 149.883072, 137.085589
V -107.985719, 149.332363, 141.219172
V -103.223739, 151.208157, 141.219172
V -101.429127, 153.634659, 137.085589
V -104.396494, 154.185367, 132.952007
V -109.158473, 152.309574, 132.952007

M
V -114.739294, 159.494921, 49.995941
V -112.573982, 160.980348, 54.389116
V -107.812002, 162.856141, 54.389116
V -105.215335, 163.246508, 49.995941
V -107.380647, 161.761081, 45.602766
V -112.142626, 159.885288, 45.602766

M
V -107.791714, 162.804637, 54.395120
V -105.585888, 164.187212, 58.801691
V -100.823908, 166.063006, 58.801691
V -98.267755, 166.556225, 54.395120
V -100.473581, 165.173649, 49.988549
V -105.235561, 163.297856, 49.988549

M
V -115.089510, 160.383997, 58.806302
V -112.843059, 161.663440, 63.223488
V -108.081079, 163.539233, 63.223488
V -105.565551, 164.135584, 58.806302
V -107.812002, 162.856141, 54.389116
V -112.573982, 160.980348, 54.389116

M
V -105.106386, 155.987534, 19.769630
V -103.219444, 158.179645, 23.992088
V -98.457464, 160.055439, 23.992088
V -95.582427, 159.739121, 19.769630
V -97.469368, 157.547011, 15.547172
V -102.231348, 155.671217, 15.547172

M
V -113.773657, 157.043508, 111.661118
V -111.040437, 157.087218, 115.988086
V -106.278458, 158.963011, 115.988086
V -104.249697, 160.795095, 111.661118
V -106.982917, 160.751386, 107.334150
V -111.744897, 158.875592, 107.334150

M
V -106.016134, 158.297064, 28.276921
V -104.050844, 160.290276, 32.561754
V -99.288864, 162.166070, 32.561754
V -96.492175, 162.048651, 28.276921
V -98.457464, 160.055439, 23.992088
V -103.219444, 158.179645, 23.992088

M
V -113.554951, 156.488290, 32.574645
V -111.550081, 158.381023, 36.886618
V -106.788101, 160.256817, 36.886618
V -104.030991, 160.239878, 32.574645
V -106.035861, 158.347145, 28.262672
V -110.797841, 156.471351, 28.262672

M
V -105.396059, 156.722911, 124.518431
V -102.544429, 156.466020, 128.760750
V -97.782450, 158.341814, 128.760750
V -95.872099, 160.474499, 124.518431
V -98.723729, 160.731390, 120.276112
V -103.485708, 158.855596, 120.276112

M
V -114.861517, 159.805202, 94.193043
V -112.289170, 160.257311, 98.594597
V -107.527190, 162.133104, 98.594597
V -105.337557, 163.556789, 94.193043
V -107.909904, 163.104680, 89.791488
V -112.671884, 161.228886, 89.791488

M
V -115.162968, 160.570479, 85.369266
V -112.671884, 161.228886, 89.791488
V -107.909904, 163.104680, 89.791488
V -105.639008, 164.322066, 85.369266
V -108.130092, 163.663659, 80.947043
V -112.892072, 161.787866, 80.947043

M
V -110.594091, 148.971710, 7.269201
V -108.822272, 151.456078, 11.378170
V -104.060293, 153.331872, 11.378170
V -101.070132, 152.723298, 7.269201
V -102.841950, 150.238930, 3.160231
V -107.603930, 148.363136, 3.160231

M
V -114.398023, 158.628555, 102.964374
V -111.744897, 158.875592, 107.334150
V -106.982917, 160.751386, 107.334150
V -104.874064, 162.380142, 102.964374
V -107.527190, 162.133104, 98.594597
V -112.289170, 160.257311, 98.594597

M
V -106.768136, 160.206133, 36.898146
V -104.723449, 161.997783, 41.234537
V -99.961469, 163.873577, 41.234537
V -97.244177, 163.957720, 36.898146
V -99.288864, 162.166070, 32.561754
V -104.050844, 160.290276, 32.561754

M
V -115.301615, 160.922455, 76.515314
V -112.892072, 161.787866, 80.947043
V -108.130092, 163.663659, 80.947043
V -105.777655, 164.674043, 76.515314
V -108.187199, 163.808633, 72.083585
V -112.949178, 161.932839, 72.083585

M
V -112.723813, 154.378325, 24.007684
V -110.797841, 156.471351, 28.262672
V -106.035861, 158.347145, 28.262672
V -103.199854, 158.129913, 24.007684
V -105.125826, 156.036886, 19.752696
V -109.887806, 154.161093, 19.752696

M
V -108.166792, 163.756828, 72.084006
V -105.798059, 164.725841, 76.516293
V -101.036080, 166.601635, 76.516293
V -98.642833, 167.508415, 72.084006
V -101.011566, 166.539402, 67.651718
V -105.773545, 164.663608, 67.651718

M
V -112.049012, 152.665241, 128.743284
V -109.158473, 152.309574, 132.952007
V -104.396494, 154.185367, 132.952007
V -102.525052, 156.416828, 128.743284
V -105.415590, 156.772496, 124.534562
V -110.177570, 154.896702, 124.534562

M
V -107.360495, 161.709923, 45.611543
V -105.235561, 163.297856, 49.988549
V -100.473581, 165.173649, 49.988549
V -97.836535, 165.461510, 45.611543
V -99.961469, 163.873577, 41.234537
V -104.723449, 161.997783, 41.234537

M
V -108.060706, 163.487514, 63.226704
V -105.773545, 164.663608, 67.651718
V -101.011566, 166.539402, 67.651718
V -98.536747, 167.239101, 63.226704
V -100.823908, 166.063006, 58.801691
V -105.585888, 164.187212, 58.801691

M
V -112.989994, 155.054063, 120.261324
V -110.177570, 154.896702, 124.534562
V -105.415590, 156.772496, 124.534562
V -103.466034, 158.805650, 120.261324
V -106.278458, 158.963011, 115.988086
V -111.040437, 157.087218, 115.988086

M
V -124.880030, 143.344329, 7.269201
V -123.108211, 145.828697, 11.378170
V -118.346232, 147.704491, 11.378170
V -115.356071, 147.095917, 7.269201
V -117.127889, 144.611549, 3.160231
V -121.889869, 142.735755, 3.160231

M
V -128.513282, 152.567877, 41.244692
V -126.428565, 154.257906, 45.602766
V -121.666586, 156.133700, 45.602766
V -118.989323, 156.319465, 41.244692
V -121.074040, 154.629436, 36.886618
V -125.836020, 152.753642, 36.886618

M
V -122.175524, 157.425716, 89.786321
V -119.643761, 157.980853, 94.199602
V -114.881782, 159.856647, 94.199602
V -112.651565, 161.177303, 89.786321
V -115.183328, 160.622166, 85.373039
V -119.945307, 158.746372, 85.373039

M
V -119.392325, 150.360153, 19.769630
V -117.505383, 152.552264, 23.992088
V -112.743404, 154.428058, 23.992088
V -109.868366, 154.111740, 19.769630
V -111.755307, 151.919629, 15.547172
V -116.517287, 150.043836, 15.547172

M
V -128.059596, 151.416127, 111.661118
V -125.326376, 151.459837, 115.988086
V -120.564397, 153.335630, 115.988086
V -118.535637, 155.167714, 111.661118
V -121.268856, 155.124005, 107.334150
V -126.030836, 153.248211, 107.334150

M
V -126.021968, 146.243308, 15.565433
V -124.173745, 148.533712, 19.752696
V -119.411765, 150.409505, 19.752696
V -116.498009, 149.994895, 15.565433
V -118.346232, 147.704491, 11.378170
V -123.108211, 145.828697, 11.378170

M
V -129.025233, 153.867540, 49.995941
V -126.859921, 155.352967, 54.389116
V -122.097941, 157.228760, 54.389116
V -119.501274, 157.619127, 49.995941
V -121.666586, 156.133700, 45.602766
V -126.428565, 154.257906, 45.602766

M
V -127.840890, 150.860909, 32.574645
V -125.836020, 152.753642, 36.886618
V -121.074040, 154.629436, 36.886618
V -118.316930, 154.612497, 32.574645
V -120.321800, 152.719764, 28.262672
V -125.083780, 150.843970, 28.262672

M
V -119.681998, 151.095530, 124.518431
V -116.830368, 150.838639, 128.760750
V -112.068389, 152.714433, 128.760750
V -110.158038, 154.847118, 124.518431
V -113.009668, 155.104009, 120.276112
V -117.771647, 153.228215, 120.276112

M
V -129.147456, 154.177820, 94.193043
V -126.575109, 154.629930, 98.594597
V -121.813129, 156.505723, 98.594597
V -119.623496, 157.929408, 94.193043
V -122.195843, 157.477299, 89.791488
V -126.957823, 155.601505, 89.791488

M
V -120.544593, 153.285355, 115.974651
V -117.771647, 153.228215, 120.276112
V -113.009668, 155.104009, 120.276112
V -111.020633, 157.036942, 115.974651
V -113.793578, 157.094082, 111.673191
V -118.555558, 155.218288, 111.673191

M
V -122.395643, 157.984519, 80.944666
V -119.945307, 158.746372, 85.373039
V -115.183328, 160.622166, 85.373039
V -112.871683, 161.736107, 80.944666
V -115.322019, 160.974254, 76.516293
V -120.083998, 159.098460, 76.516293

M
V -129.563047, 155.232861, 67.653537
V -127.235117, 156.305458, 72.083585
V -122.473138, 158.181252, 72.083585
V -120.039088, 158.984449, 67.653537
V -122.367018, 157.911852, 63.223488
V -127.128998, 156.036059, 63.223488

M
V -125.239025, 144.255691, 137.085589
V -122.271658, 143.704982, 141.219172
V -117.509678, 145.580776, 141.219172
V -115.715066, 148.007278, 137.085589
V -118.682433, 148.557986, 132.952007
V -123.444412, 146.682193, 132.952007

M
V -121.792931, 156.454447, 98.586652
V -119.180122, 156.803835, 102.973701
V -114.418142, 158.679629, 102.973701
V -112.268972, 160.206035, 98.586652
V -114.881782, 159.856647, 94.199602
V -119.643761, 157.980853, 94.199602

M
V -129.448907, 154.943098, 85.369266
V -126.957823, 155.601505, 89.791488
V -122.195843, 157.477299, 89.791488
V -119.924947, 158.694685, 85.369266
V -122.416031, 158.036278, 80.947043
V -127.178011, 156.160485, 80.947043

M
V -129.375449, 154.756616, 58.806302
V -127.128998, 156.036059, 63.223488
V -122.367018, 157.911852, 63.223488
V -119.851490, 158.508203, 58.806302
V -122.097941, 157.228760, 54.389116
V -126.859921, 155.352967, 54.389116

M
V -128.683962, 153.001173, 102.964374
V -126.030836, 153.248211, 107.334150
V -121.268856, 155.124005, 107.334150
V -119.160003, 156.752761, 102.964374
V -121.813129, 156.505723, 98.594597
V -126.575109, 154.629930, 98.594597

M
V -121.248830, 155.073165, 107.323446
V -118.555558, 155.218288, 111.673191
V -113.793578, 157.094082, 111.673191
V -111.724870, 158.824752, 107.323446
V -114.418142, 158.679629, 102.973701
V -119.180122, 156.803835, 102.973701

M
V -120.302073, 152.669683, 28.276921
V -118.336783, 154.662895, 32.561754
V -113.574803, 156.538689, 32.561754
V -110.778114, 156.421270, 28.276921
V -112.743404, 154.428058, 23.992088
V -117.505383, 152.552264, 23.992088

M
V -122.077653, 157.177256, 54.395120
V -119.871827, 158.559831, 58.801691
V -115.109847, 160.435625, 58.801691
V -112.553694, 160.928844, 54.395120
V -114.759520, 159.546268, 49.988549
V -119.521500, 157.670475, 49.988549

M
V -118.663222, 148.509218, 132.933219
V -115.734097, 148.055591, 137.105688
V -110.972117, 149.931385, 137.105688
V -109.139263, 152.260806, 132.933219
V -112.068389, 152.714433, 128.760750
V -116.830368, 150.838639, 128.760750

M
V -118.327161, 147.656076, 11.398008
V -116.517332, 150.043950, 15.547421
V -111.755352, 151.919744, 15.547421
V -108.803201, 151.407664, 11.398008
V -110.613030, 149.019789, 7.248594
V -115.375010, 147.143996, 7.248594

M
V -117.489776, 145.530251, 141.197051
V -114.484507, 144.883323, 145.289103
V -109.722527, 146.759116, 145.289103
V -107.965817, 149.281838, 141.197051
V -110.971086, 149.928767, 137.104998
V -115.733065, 148.052973, 137.104998

M
V -122.452731, 158.129447, 72.084006
V -120.083998, 159.098460, 76.516293
V -115.322019, 160.974254, 76.516293
V -112.928772, 161.881034, 72.084006
V -115.297505, 160.912021, 67.651718
V -120.059484, 159.036227, 67.651718

M
V -122.346645, 157.860132, 63.226704
V -120.059484, 159.036227, 67.651718
V -115.297505, 160.912021, 67.651718
V -112.822686, 161.611720, 63.226704
V -115.109847, 160.435625, 58.801691
V -119.871827, 158.559831, 58.801691

M
V -127.009752, 148.750944, 24.007684
V -125.083780, 150.843970, 28.262672
V -120.321800, 152.719764, 28.262672
V -117.485793, 152.502532, 24.007684
V -119.411765, 150.409505, 19.752696
V -124.173745, 148.533712, 19.752696

M
V -129.587554, 155.295074, 76.515314
V -127.178011, 156.160485, 80.947043
V -122.416031, 158.036278, 80.947043
V -120.063595, 159.046662, 76.515314
V -122.473138, 158.181252, 72.083585
V -127.235117, 156.305458, 72.083585

M
V -126.334951, 147.037860, 128.743284
V -123.444412, 146.682193, 132.952007
V -118.682433, 148.557986, 132.952007
V -116.810991, 150.789447, 128.743284
V -119.701530, 151.145115, 124.534562
V -124.463509, 149.269321, 124.534562

M
V -121.646434, 156.082542, 45.611543
V -119.521500, 157.670475, 49.988549
V -114.759520, 159.546268, 49.988549
V -112.122474, 159.834129, 45.611543
V -114.247408, 158.246196, 41.234537
V -119.009388, 156.370402, 41.234537

M
V -127.275933, 149.426682, 120.261324
V -124.463509, 149.269321, 124.534562
V -119.701530, 151.145115, 124.534562
V -117.751973, 153.178269, 120.261324
V -120.564397, 153.335630, 115.988086
V -125.326376, 151.459837, 115.988086

M
V -121.054075, 154.578752, 36.898146
V -119.009388, 156.370402, 41.234537
V -114.247408, 158.246196, 41.234537
V -111.530116, 158.330339, 36.898146
V -113.574803, 156.538689, 32.561754
V -118.336783, 154.662895, 32.561754

M
V -133.144205, 141.819373, 11.397754
V -131.334376, 144.207247, 15.547167
V -126.572397, 146.083041, 15.547167
V -123.620245, 145.570961, 11.397754
V -125.430074, 143.183087, 7.248341
V -130.192054, 141.307293, 7.248341

M
V -134.213554, 144.534075, 19.804906
V -132.326324, 146.725455, 24.027615
V -127.564345, 148.601248, 24.027615
V -124.689595, 148.285663, 19.804906
V -126.576825, 146.094283, 15.582197
V -131.338805, 144.218489, 15.582197

M
V -135.126192, 146.850942, 28.348473
V -133.160305, 148.842638, 32.633736
V -128.398326, 150.718432, 32.633736
V -125.602233, 150.602529, 28.348473
V -127.568120, 148.610833, 24.063209
V -132.330100, 146.735039, 24.063209

M
V -135.879797, 148.764080, 37.006723
V -133.834197, 150.553413, 41.343641
V -129.072217, 152.429206, 41.343641
V -126.355838, 152.515667, 37.006723
V -128.401438, 150.726334, 32.669805
V -133.163418, 148.850541, 32.669805

M
V -136.472453, 150.268623, 45.757633
V -134.346286, 151.853426, 50.135174
V -129.584306, 153.729220, 50.135174
V -126.948493, 154.020210, 45.757633
V -129.074660, 152.435407, 41.380092
V -133.836640, 150.559613, 41.380092

M
V -136.902651, 151.360744, 54.578943
V -134.695270, 152.739372, 58.985972
V -129.933290, 154.615166, 58.985972
V -127.378691, 155.112331, 54.578943
V -129.586072, 153.733703, 50.171914
V -134.348052, 151.857909, 50.171914

M
V -137.169297, 152.037665, 63.448216
V -134.880260, 153.208997, 67.873523
V -130.118280, 155.084791, 67.873523
V -127.645337, 155.789252, 63.448216
V -129.934375, 154.617919, 59.022909
V -134.696354, 152.742126, 59.022909

M
V -137.271713, 152.297664, 72.342890
V -134.900786, 153.261107, 76.775218
V -130.138807, 155.136900, 76.775218
V -127.747754, 156.049251, 72.342890
V -130.118681, 155.085808, 67.910561
V -134.880661, 153.210015, 67.910561

M
V -137.209639, 152.140080, 81.240340
V -134.756797, 152.895568, 85.668416
V -129.994817, 154.771362, 85.668416
V -127.685680, 155.891667, 81.240340
V -130.138522, 155.136179, 76.812265
V -134.900502, 153.260385, 76.812265

M
V -136.983233, 151.565313, 90.117936
V -134.448657, 152.113311, 94.530495
V -129.686678, 153.989104, 94.530495
V -127.459273, 155.316901, 90.117936
V -129.993849, 154.768903, 85.705377
V -134.755828, 152.893109, 85.705377

M
V -136.593070, 150.574826, 98.953094
V -133.977152, 150.916325, 103.338913
V -129.215172, 152.792119, 103.338913
V -127.069110, 154.326414, 98.953094
V -129.685028, 153.984915, 94.567275
V -134.447007, 152.109122, 94.567275

M
V -136.040142, 149.171139, 107.723342
V -133.343480, 149.307655, 112.071265
V -128.581501, 151.183449, 112.071265
V -126.516183, 152.922726, 107.723342
V -129.212845, 152.786209, 103.375419
V -133.974824, 150.910416, 103.375419

M
V -135.325857, 147.357821, 116.406371
V -132.549254, 147.291394, 120.705337
V -127.787274, 149.167187, 120.705337
V -125.801898, 151.109408, 116.406371
V -128.578501, 151.175835, 112.107404
V -133.340481, 149.300041, 112.107404

M
V -134.452031, 145.139485, 124.980094
V -131.596493, 144.872669, 129.219169
V -126.834513, 146.748463, 129.219169
V -124.928072, 148.891072, 124.980094
V -127.783611, 149.157888, 120.741019
V -132.545590, 147.282094, 120.741019

M
V -133.420887, 142.521773, 133.422703
V -130.487621, 142.057633, 137.591104
V -125.725641, 143.933427, 137.591104
V -123.896928, 146.273361, 133.422703
V -126.830195, 146.737501, 129.254301
V -131.592175, 144.861707, 129.254301

M
V -132.235048, 139.511345, 141.712722
V -129.225458, 138.853447, 145.799847
V -124.463478, 140.729241, 145.799847
V -122.711089, 143.262933, 141.712722
V -125.720679, 143.920831, 137.625598
V -130.482659, 142.045037, 137.625598

M
V -142.844548, 145.497954, 112.095218
V -140.107636, 145.532289, 116.419936
V -135.345656, 147.408083, 116.419936
V -133.320589, 149.249541, 112.095218
V -136.057501, 149.215206, 107.770500
V -140.819480, 147.339412, 107.770500

M
V -144.259449, 149.089890, 85.701511
V -141.765534, 149.741110, 90.123202
V -137.003555, 151.616904, 90.123202
V -134.735490, 152.841477, 85.701511
V -137.229405, 152.190257, 81.279820
V -141.991384, 150.314464, 81.279820

M
V -143.340550, 146.757129, 41.390196
V -141.254593, 148.444010, 45.748896
V -136.492613, 150.319804, 45.748896
V -133.816591, 150.508717, 41.390196
V -135.902548, 148.821836, 37.031496
V -140.664528, 146.946042, 37.031496

M
V -140.843503, 140.418005, 15.600432
V -138.994982, 142.707652, 19.787977
V -134.233002, 144.583446, 19.787977
V -131.319543, 144.169592, 15.600432
V -133.168064, 141.879944, 11.412886
V -137.930044, 140.004150, 11.412886

M
V -144.199994, 148.938954, 59.027453
V -141.951657, 150.213611, 63.445063
V -137.189678, 152.089404, 63.445063
V -134.676035, 152.690542, 59.027453
V -136.924371, 151.415885, 54.609842
V -141.686351, 149.540092, 54.609842

M
V -142.667541, 145.048596, 32.682654
V -140.661751, 146.938992, 36.995224
V -135.899771, 148.814786, 36.995224
V -133.143582, 148.800183, 32.682654
V -135.149372, 146.909787, 28.370084
V -139.911352, 145.033993, 28.370084

M
V -143.851801, 148.055016, 50.179248
V -141.684927, 149.536476, 54.572991
V -136.922947, 151.412270, 54.572991
V -134.327842, 151.806603, 50.179248
V -136.494717, 150.325144, 45.785504
V -141.256696, 148.449350, 45.785504

M
V -139.987626, 138.245236, 137.605368
V -137.015851, 137.683337, 141.734275
V -132.253872, 139.559131, 141.734275
V -130.463667, 141.996824, 137.605368
V -133.435442, 142.558723, 133.476461
V -138.197422, 140.682929, 133.476461

M
V -143.950725, 148.306149, 94.560617
V -141.375248, 148.750311, 98.961149
V -136.613268, 150.626104, 98.961149
V -134.426766, 152.057737, 94.560617
V -137.002244, 151.613575, 90.160084
V -141.764223, 149.737782, 90.160084

M
V -144.404077, 149.457050, 76.811202
V -141.992012, 150.316058, 81.242804
V -137.230033, 152.191852, 81.242804
V -134.880118, 153.208637, 76.811202
V -137.292183, 152.349630, 72.379600
V -142.054163, 150.473836, 72.379600

M
V -144.384242, 149.406695, 67.912304
V -142.054106, 150.473692, 72.342545
V -137.292126, 152.349485, 72.342545
V -134.860283, 153.158283, 67.912304
V -137.190419, 152.091287, 63.482063
V -141.952399, 150.215493, 63.482063

M
V -141.834486, 142.933761, 24.078771
V -139.907908, 145.025250, 28.334241
V -135.145928, 146.901044, 28.334241
V -132.310526, 146.685348, 24.078771
V -134.237104, 144.593859, 19.823301
V -138.999084, 142.718065, 19.823301

M
V -142.049908, 143.480643, 120.726111
V -139.233534, 143.313253, 124.996365
V -134.471554, 145.189047, 124.996365
V -132.525948, 147.232230, 120.726111
V -135.342322, 147.399620, 116.455856
V -140.104302, 145.523826, 116.455856

M
V -139.697113, 137.507726, 7.269202
V -137.925295, 139.992094, 11.378171
V -133.163315, 141.867887, 11.378171
V -130.173154, 141.259313, 7.269202
V -131.944973, 138.774945, 3.160233
V -136.706952, 136.899151, 3.160233

M
V -143.478691, 147.107821, 103.365985
V -140.822146, 147.346180, 107.734166
V -136.060167, 149.221973, 107.734166
V -133.954732, 150.859408, 103.365985
V -136.611277, 150.621050, 98.997804
V -141.373257, 148.745256, 98.997804

M
V -141.096793, 141.061018, 129.236710
V -138.202065, 140.694715, 133.441639
V -133.440085, 142.570509, 133.441639
V -131.572833, 144.812606, 129.236710
V -134.467561, 145.178909, 125.031782
V -139.229541, 143.303115, 125.031782

M
V -148.480502, 138.858481, 19.784676
V -146.593272, 141.049860, 24.007386
V -141.831292, 142.925654, 24.007386
V -138.956542, 142.610068, 19.784676
V -140.843772, 140.418688, 15.561967
V -145.605752, 138.542895, 15.561967

M
V -149.592804, 141.682226, 116.386142
V -146.816201, 141.615799, 120.685108
V -142.054221, 143.491593, 120.685108
V -140.068845, 145.433813, 116.386142
V -142.845449, 145.500240, 112.087175
V -147.607428, 143.624447, 112.087175

M
V -156.101433, 137.258166, 24.058542
V -154.174855, 139.349656, 28.314011
V -149.412875, 141.225449, 28.314011
V -146.577473, 141.009754, 24.058542
V -148.504051, 138.918265, 19.803072
V -153.266031, 137.042471, 19.803072

M
V -151.250180, 145.889719, 90.097707
V -148.715605, 146.437716, 94.510266
V -143.953625, 148.313510, 94.510266
V -141.726220, 149.641306, 90.097707
V -144.260796, 149.093309, 85.685147
V -149.022775, 147.217515, 85.685147

M
V -150.146745, 143.088485, 36.986494
V -148.101144, 144.877818, 41.323412
V -143.339165, 146.753612, 41.323412
V -140.622785, 146.840073, 36.986494
V -142.668386, 145.050740, 32.649575
V -147.430365, 143.174946, 32.649575

M
V -151.476586, 146.464485, 81.220111
V -149.023744, 147.219973, 85.648187
V -144.261764, 149.095767, 85.648187
V -141.952627, 150.216072, 81.220111
V -144.405470, 149.460584, 76.792036
V -149.167449, 147.584791, 76.792036

M
V -148.718979, 139.463890, 124.959865
V -145.863440, 139.197074, 129.198940
V -141.101460, 141.072868, 129.198940
V -139.195019, 143.215477, 124.959865
V -142.050558, 143.482293, 120.720789
V -146.812538, 141.606499, 120.720789

M
V -150.307089, 143.495544, 107.703113
V -147.610428, 143.632061, 112.051035
V -142.848448, 145.507854, 112.051035
V -140.783130, 147.247131, 107.703113
V -143.479792, 147.110615, 103.355190
V -148.241772, 145.234821, 103.355190

M
V -158.651189, 143.731101, 67.892075
V -156.321053, 144.798097, 72.322316
V -151.559073, 146.673891, 72.322316
V -149.127230, 147.482688, 67.892075
V -151.457366, 146.415692, 63.461834
V -156.219346, 144.539898, 63.461834

M
V -158.526396, 143.414295, 85.681282
V -156.032482, 144.065515, 90.102973
V -151.270502, 145.941309, 90.102973
V -149.002437, 147.165883, 85.681282
V -151.496352, 146.514663, 81.259590
V -156.258332, 144.638869, 81.259590

M
V -149.393140, 141.175347, 28.328243
V -147.427252, 143.167044, 32.613507
V -142.665273, 145.042837, 32.613507
V -139.869180, 144.926935, 28.328243
V -141.835067, 142.935238, 24.042980
V -146.597047, 141.059444, 24.042980

M
V -155.363740, 135.385424, 129.216481
V -152.469012, 135.019121, 133.421410
V -147.707032, 136.894914, 133.421410
V -145.839780, 139.137011, 129.216481
V -148.734508, 139.503314, 125.011552
V -153.496488, 137.627521, 125.011552

M
V -147.411152, 136.143779, 11.377525
V -145.601323, 138.531653, 15.526938
V -140.839344, 140.407447, 15.526938
V -137.887193, 139.895366, 11.377525
V -139.697021, 137.507492, 7.228112
V -144.459001, 135.631698, 7.228112

M
V -158.118749, 142.379421, 50.159018
V -155.951874, 143.860881, 54.552762
V -151.189894, 145.736675, 54.552762
V -148.594789, 146.131009, 50.159018
V -150.761664, 144.649549, 45.765275
V -155.523644, 142.773755, 45.765275

M
V -153.964061, 131.832131, 7.248973
V -152.192242, 134.316499, 11.357942
V -147.430262, 136.192293, 11.357942
V -144.440101, 135.583718, 7.248973
V -146.211920, 133.099350, 3.140004
V -150.973899, 131.223557, 3.140004

M
V -157.111495, 139.822359, 112.074988
V -154.374583, 139.856695, 116.399706
V -149.612603, 141.732488, 116.399706
V -147.587536, 143.573947, 112.074988
V -150.324448, 143.539611, 107.750270
V -155.086428, 141.663818, 107.750270

M
V -150.860017, 144.899232, 98.932865
V -148.244099, 145.240730, 103.318684
V -143.482120, 147.116524, 103.318684
V -141.336057, 148.650819, 98.932865
V -143.951975, 148.309321, 94.547046
V -148.713954, 146.433527, 94.547046

M
V -151.436244, 146.362070, 63.427986
V -149.147207, 147.533403, 67.853293
V -144.385227, 149.409196, 67.853293
V -141.912285, 150.113657, 63.427986
V -144.201322, 148.942325, 59.002679
V -148.963301, 147.066531, 59.002679

M
V -154.254574, 132.569642, 137.585139
V -151.282798, 132.007742, 141.714046
V -146.520819, 133.883536, 141.714046
V -144.730614, 136.321229, 137.585139
V -147.702390, 136.883128, 133.456232
V -152.464369, 135.007335, 133.456232

M
V -157.745639, 141.432226, 103.345756
V -155.089093, 141.670585, 107.713937
V -150.327114, 143.546379, 107.713937
V -148.221679, 145.183814, 103.345756
V -150.878225, 144.945455, 98.977575
V -155.640204, 143.069661, 98.977575

M
V -146.501996, 133.835751, 141.692493
V -143.492405, 133.177852, 145.779618
V -138.730426, 135.053646, 145.779618
V -136.978036, 137.587338, 141.692493
V -139.987626, 138.245236, 137.605368
V -144.749606, 136.369443, 137.605368

M
V -155.110450, 134.742410, 15.580202
V -153.261929, 137.032058, 19.767748
V -148.499949, 138.907851, 19.767748
V -145.586491, 138.493997, 15.580202
V -147.435011, 136.204350, 11.392657
V -152.196991, 134.328556, 11.392657

M
V -151.169598, 145.685149, 54.558714
V -148.962217, 147.063778, 58.965743
V -144.200237, 148.939571, 58.965743
V -141.645638, 149.436736, 54.558714
V -143.853019, 148.058108, 50.151685
V -148.614999, 146.182314, 50.151685

M
V -156.316855, 137.805048, 120.705882
V -153.500481, 137.637658, 124.976136
V -148.738502, 139.513452, 124.976136
V -146.792896, 141.556635, 120.705882
V -149.609269, 141.724025, 116.435627
V -154.371249, 139.848231, 116.435627

M
V -151.538660, 146.622069, 72.322660
V -149.167733, 147.585512, 76.754989
V -144.405754, 149.461306, 76.754989
V -142.014701, 150.373657, 72.322660
V -144.385628, 149.410214, 67.890332
V -149.147608, 147.534420, 67.890332

M
V -156.934488, 139.373001, 32.662425
V -154.928698, 141.263398, 36.974995
V -150.166718, 143.139191, 36.974995
V -147.410529, 143.124589, 32.662425
V -149.416319, 141.234192, 28.349855
V -154.178299, 139.358398, 28.349855

M
V -158.466941, 143.263360, 59.007223
V -156.218604, 144.538016, 63.424834
V -151.456625, 146.413810, 63.424834
V -148.942982, 147.014947, 59.007223
V -151.191319, 145.740291, 54.589612
V -155.953298, 143.864497, 54.589612

M
V -150.739400, 144.593028, 45.737404
V -148.613233, 146.177832, 50.114945
V -143.851254, 148.053625, 50.114945
V -141.215441, 148.344616, 45.737404
V -143.341607, 146.759812, 41.359863
V -148.103587, 144.884018, 41.359863

M
V -157.607498, 141.081535, 41.369967
V -155.521540, 142.768416, 45.728667
V -150.759561, 144.644209, 45.728667
V -148.083538, 144.833122, 41.369967
V -150.169495, 143.146241, 37.011266
V -154.931475, 141.270448, 37.011266

M
V -147.687835, 136.846179, 133.402474
V -144.754568, 136.382038, 137.570875
V -139.992588, 138.257832, 137.570875
V -138.163875, 140.597766, 133.402474
V -141.097142, 141.061906, 129.234072
V -145.859122, 139.186112, 129.234072

M
V -158.217673, 142.630555, 94.540387
V -155.642195, 143.074716, 98.940920
V -150.880216, 144.950510, 98.940920
V -148.693713, 146.382142, 94.540387
V -151.269191, 145.937981, 90.139855
V -156.031170, 144.062187, 90.139855

M
V -158.671025, 143.781455, 76.790973
V -156.258960, 144.640463, 81.222575
V -151.496980, 146.516257, 81.222575
V -149.147065, 147.533043, 76.790973
V -151.559130, 146.674035, 72.359370
V -156.321110, 144.798241, 72.359370

M
V 64.072585, 166.220964, 7.086614
V 67.067403, 166.841360, 11.190421
V 71.829382, 164.965566, 11.190421
V 73.596544, 162.469376, 7.086614
V 70.601727, 161.848980, 2.982808
V 65.839747, 163.724774, 2.982808

M
V 65.223573, 169.142918, 15.373503
V 68.141724, 169.568682, 19.556585
V 72.903703, 167.692889, 19.556585
V 74.747533, 165.391331, 15.373503
V 71.829382, 164.965566, 11.190421
V 67.067403, 166.841360, 11.190421

M
V 66.219858, 171.672135, 23.808287
V 69.059973, 171.899794, 28.059990
V 73.821953, 170.024001, 28.059990
V 75.743818, 167.920548, 23.808287
V 72.903703, 167.692889, 19.556585
V 68.141724, 169.568682, 19.556585

M
V 67.058903, 173.802173, 32.369482
V 69.819812, 173.828758, 36.678975
V 74.581792, 171.952964, 36.678975
V 76.582862, 170.050585, 32.369482
V 73.821953, 170.024001, 28.059990
V 69.059973, 171.899794, 28.059990

M
V 67.738568, 175.527605, 41.035280
V 70.419305, 175.350659, 45.391585
V 75.181284, 173.474865, 45.391585
V 77.262528, 171.776018, 41.035280
V 74.581792, 171.952964, 36.678975
V 69.819812, 173.828758, 36.678975

M
V 68.257125, 176.844037, 49.783607
V 70.856925, 176.461622, 54.175628
V 75.618904, 174.585828, 54.175628
V 77.781084, 173.092450, 49.783607
V 75.181284, 173.474865, 45.391585
V 70.419305, 175.350659, 45.391585

M
V 68.613251, 177.748116, 58.592178
V 71.131557, 177.158816, 63.008728
V 75.893536, 175.283022, 63.008728
V 78.137210, 173.996528, 58.592178
V 75.618904, 174.585828, 54.175628
V 70.856925, 176.461622, 54.175628

M
V 68.806039, 178.237537, 67.438556
V 71.242501, 177.440465, 71.868385
V 76.004481, 175.564672, 71.868385
V 78.329999, 174.485950, 67.438556
V 75.893536, 175.283022, 63.008728
V 71.131557, 177.158816, 63.008728

M
V 68.834999, 178.311056, 76.300208
V 71.189476, 177.305853, 80.732031
V 75.951456, 175.430059, 80.732031
V 78.358958, 174.559469, 76.300208
V 76.004481, 175.564672, 71.868385
V 71.242501, 177.440465, 71.868385

M
V 68.700056, 177.968484, 85.154560
V 70.972616, 176.755321, 89.577089
V 75.734596, 174.879528, 89.577089
V 78.224016, 174.216897, 85.154560
V 75.951456, 175.430059, 80.732031
V 71.189476, 177.305853, 80.732031

M
V 68.401555, 177.210694, 93.979058
V 70.592473, 175.790273, 98.381027
V 75.354453, 173.914480, 98.381027
V 77.925514, 173.459107, 93.979058
V 75.734596, 174.879528, 89.577089
V 70.972616, 176.755321, 89.577089

M
V 67.940255, 176.039617, 102.751224
V 70.050017, 174.413167, 107.121420
V 74.811996, 172.537373, 107.121420
V 77.464215, 172.288029, 102.751224
V 75.354453, 173.914480, 98.381027
V 70.592473, 175.790273, 98.381027

M
V 67.317332, 174.458235, 111.448713
V 69.346627, 172.627509, 115.776005
V 74.108607, 170.751715, 115.776005
V 76.841292, 170.706647, 111.448713
V 74.811996, 172.537373, 107.121420
V 70.050017, 174.413167, 107.121420

M
V 66.534373, 172.470576, 120.049370
V 68.484098, 170.437850, 124.322734
V 73.246077, 168.562056, 124.322734
V 76.058332, 168.718989, 120.049370
V 74.108607, 170.751715, 115.776005
V 69.346627, 172.627509, 115.776005

M
V 65.593371, 170.081704, 128.531287
V 67.464624, 167.849766, 132.739839
V 72.226604, 165.973972, 132.739839
V 75.117330, 166.330117, 128.531287
V 73.246077, 168.562056, 124.322734
V 68.484098, 170.437850, 124.322734

M
V 64.496724, 167.297704, 136.872859
V 66.290804, 164.869849, 141.005878
V 71.052784, 162.994056, 141.005878
V 74.020684, 163.546117, 136.872859
V 72.226604, 165.973972, 132.739839
V 67.464624, 167.849766, 132.739839

M
V 71.810212, 164.916901, 11.210243
V 74.766880, 165.440446, 15.355007
V 79.528859, 163.564652, 15.355007
V 81.334172, 161.165313, 11.210243
V 78.377504, 160.641768, 7.065478
V 73.615525, 162.517561, 7.065478

M
V 72.884191, 167.643354, 19.573743
V 75.763482, 167.970469, 23.792478
V 80.525462, 166.094675, 23.792478
V 82.408151, 163.891767, 19.573743
V 79.528859, 163.564652, 15.355007
V 74.766880, 165.440446, 15.355007

M
V 73.802148, 169.973724, 28.074439
V 76.602794, 170.101185, 32.356401
V 81.364773, 168.225392, 32.356401
V 83.326108, 166.222137, 28.074439
V 80.525462, 166.094675, 23.792478
V 75.763482, 167.970469, 23.792478

M
V 74.561745, 171.902073, 36.690680
V 77.282676, 171.827167, 41.024959
V 82.044656, 169.951374, 41.024959
V 84.085704, 168.150486, 36.690680
V 81.364773, 168.225392, 32.356401
V 76.602794, 170.101185, 32.356401

M
V 75.161047, 173.423490, 45.400516
V 77.801398, 173.144019, 49.776072
V 82.563377, 171.268225, 49.776072
V 84.685006, 169.671902, 45.400516
V 82.044656, 169.951374, 41.024959
V 77.282676, 171.827167, 41.024959

M
V 75.598528, 174.534099, 54.181761
V 78.157637, 174.048385, 58.587450
V 82.919617, 172.172591, 58.587450
V 85.122487, 170.782511, 54.181761
V 82.563377, 171.268225, 49.776072
V 77.801398, 173.144019, 49.776072

M
V 75.873072, 175.231071, 63.012048
V 78.350487, 174.537963, 67.436646
V 83.112467, 172.662169, 67.436646
V 85.397032, 171.479483, 63.012048
V 82.919617, 172.172591, 58.587450
V 78.157637, 174.048385, 58.587450

M
V 75.983982, 175.512631, 71.868884
V 78.379456, 174.611505, 76.301121
V 83.141436, 172.735711, 76.301121
V 85.507941, 171.761043, 71.868884
V 83.112467, 172.662169, 67.436646
V 78.350487, 174.537963, 67.436646

M
V 75.930973, 175.378061, 80.729707
V 78.244470, 174.268824, 85.158293
V 83.006450, 172.393030, 85.158293
V 85.454933, 171.626474, 80.729707
V 83.141436, 172.735711, 76.301121
V 78.379456, 174.611505, 76.301121

M
V 75.714182, 174.827705, 89.571948
V 77.945874, 173.510792, 93.985603
V 82.707853, 171.634999, 93.985603
V 85.238141, 171.076118, 89.571948
V 83.006450, 172.393030, 85.158293
V 78.244470, 174.268824, 85.158293

M
V 75.334161, 173.862964, 98.373083
V 77.484427, 172.339342, 102.760563
V 82.246407, 170.463548, 102.760563
V 84.858120, 170.111377, 98.373083
V 82.707853, 171.634999, 93.985603
V 77.945874, 173.510792, 93.985603

M
V 74.791877, 172.486296, 107.110693
V 76.861306, 170.757456, 111.460822
V 81.623285, 168.881662, 111.460822
V 84.315836, 168.734709, 107.110693
V 82.246407, 170.463548, 102.760563
V 77.484427, 172.339342, 102.760563

M
V 74.088711, 170.701207, 115.762521
V 76.078097, 168.769164, 120.064219
V 80.840076, 166.893371, 120.064219
V 83.612671, 166.949620, 115.762521
V 81.623285, 168.881662, 111.460822
V 76.861306, 170.757456, 111.460822

M
V 73.226456, 168.512245, 124.306529
V 75.136795, 166.379532, 128.548838
V 79.898775, 164.503738, 128.548838
V 82.750416, 164.760658, 124.306529
V 80.840076, 166.893371, 120.064219
V 76.078097, 168.769164, 120.064219

M
V 72.207307, 165.924985, 132.720953
V 74.039799, 163.594645, 136.893068
V 78.801779, 161.718851, 136.893068
V 81.731267, 162.173398, 132.720953
V 79.898775, 164.503738, 128.548838
V 75.136795, 166.379532, 128.548838

M
V 71.033861, 162.946018, 140.984360
V 72.789903, 160.421597, 145.075652
V 77.551882, 158.545804, 145.075652
V 80.557820, 159.194430, 140.984360
V 78.801779, 161.718851, 136.893068
V 74.039799, 163.594645, 136.893068

M
V 89.884467, 168.906718, 54.181761
V 92.443576, 168.421004, 58.587450
V 97.205556, 166.545210, 58.587450
V 99.408426, 165.155130, 54.181761
V 96.849316, 165.640844, 49.776072
V 92.087337, 167.516638, 49.776072

M
V 89.620100, 168.235583, 98.373083
V 91.770366, 166.711961, 102.760563
V 96.532346, 164.836167, 102.760563
V 99.144059, 164.483996, 98.373083
V 96.993792, 166.007618, 93.985603
V 92.231813, 167.883411, 93.985603

M
V 88.374650, 165.073826, 115.762521
V 90.364036, 163.141783, 120.064219
V 95.126016, 161.265990, 120.064219
V 97.898610, 161.322239, 115.762521
V 95.909224, 163.254281, 111.460822
V 91.147245, 165.130075, 111.460822

M
V 87.512395, 162.884864, 124.306529
V 89.422734, 160.752151, 128.548838
V 94.184714, 158.876357, 128.548838
V 97.036355, 159.133277, 124.306529
V 95.126016, 161.265990, 120.064219
V 90.364036, 163.141783, 120.064219

M
V 86.493247, 160.297604, 132.720953
V 88.325738, 157.967264, 136.893068
V 93.087718, 156.091470, 136.893068
V 96.017206, 156.546017, 132.720953
V 94.184714, 158.876357, 128.548838
V 89.422734, 160.752151, 128.548838

M
V 85.319800, 157.318637, 140.984360
V 87.075842, 154.794216, 145.075652
V 91.837821, 152.918423, 145.075652
V 94.843760, 153.567049, 140.984360
V 93.087718, 156.091470, 136.893068
V 88.325738, 157.967264, 136.893068

M
V 89.446986, 167.796109, 45.400516
V 92.087337, 167.516638, 49.776072
V 96.849316, 165.640844, 49.776072
V 98.970945, 164.044521, 45.400516
V 96.330595, 164.323993, 41.024959
V 91.568615, 166.199786, 41.024959

M
V 82.226194, 170.412236, 102.751224
V 84.335956, 168.785785, 107.121420
V 89.097935, 166.909992, 107.121420
V 91.750154, 166.660648, 102.751224
V 89.640392, 168.287099, 98.381027
V 84.878412, 170.162892, 98.381027

M
V 88.847684, 166.274692, 36.690680
V 91.568615, 166.199786, 41.024959
V 96.330595, 164.323993, 41.024959
V 98.371644, 162.523105, 36.690680
V 95.650712, 162.598011, 32.356401
V 90.888733, 164.473804, 32.356401

M
V 88.088087, 164.346343, 28.074439
V 90.888733, 164.473804, 32.356401
V 95.650712, 162.598011, 32.356401
V 97.612047, 160.594756, 28.074439
V 94.811401, 160.467294, 23.792478
V 90.049421, 162.343088, 23.792478

M
V 78.782663, 161.670323, 136.872859
V 80.576743, 159.242468, 141.005878
V 85.338723, 157.366675, 141.005878
V 88.306623, 157.918736, 136.872859
V 86.512543, 160.346591, 132.739839
V 81.750563, 162.222384, 132.739839

M
V 87.170130, 162.015973, 19.573743
V 90.049421, 162.343088, 23.792478
V 94.811401, 160.467294, 23.792478
V 96.694090, 158.264386, 19.573743
V 93.814799, 157.937271, 15.355007
V 89.052819, 159.813065, 15.355007

M
V 82.024508, 169.900224, 41.035280
V 84.705244, 169.723278, 45.391585
V 89.467223, 167.847484, 45.391585
V 91.548467, 166.148637, 41.035280
V 88.867731, 166.325583, 36.678975
V 84.105751, 168.201377, 36.678975

M
V 79.879310, 164.454323, 128.531287
V 81.750563, 162.222384, 132.739839
V 86.512543, 160.346591, 132.739839
V 89.403270, 160.702736, 128.531287
V 87.532016, 162.934675, 124.322734
V 82.770037, 164.810469, 124.322734

M
V 90.000121, 169.200324, 89.571948
V 92.231813, 167.883411, 93.985603
V 96.993792, 166.007618, 93.985603
V 99.524081, 165.448737, 89.571948
V 97.292389, 166.765649, 85.158293
V 92.530409, 168.641443, 85.158293

M
V 89.077816, 166.858915, 107.110693
V 91.147245, 165.130075, 111.460822
V 95.909224, 163.254281, 111.460822
V 98.601775, 163.107327, 107.110693
V 96.532346, 164.836167, 102.760563
V 91.770366, 166.711961, 102.760563

M
V 81.603271, 168.830854, 111.448713
V 83.632567, 167.000128, 115.776005
V 88.394546, 165.124334, 115.776005
V 91.127231, 165.079266, 111.448713
V 89.097935, 166.909992, 107.121420
V 84.335956, 168.785785, 107.121420

M
V 82.687494, 171.583313, 93.979058
V 84.878412, 170.162892, 98.381027
V 89.640392, 168.287099, 98.381027
V 92.211453, 167.831726, 93.979058
V 90.020535, 169.252147, 89.577089
V 85.258555, 171.127940, 89.577089

M
V 82.899190, 172.120735, 58.592178
V 85.417496, 171.531435, 63.008728
V 90.179475, 169.655641, 63.008728
V 92.423149, 168.369147, 58.592178
V 89.904843, 168.958447, 54.175628
V 85.142864, 170.834241, 54.175628

M
V 78.358524, 160.593583, 7.086614
V 81.353342, 161.213979, 11.190421
V 86.115321, 159.338185, 11.190421
V 87.882483, 156.841995, 7.086614
V 84.887666, 156.221599, 2.982808
V 80.125686, 158.097393, 2.982808

M
V 90.159011, 169.603690, 63.012048
V 92.636426, 168.910582, 67.436646
V 97.398406, 167.034788, 67.436646
V 99.682971, 165.852102, 63.012048
V 97.205556, 166.545210, 58.587450
V 92.443576, 168.421004, 58.587450

M
V 82.985995, 172.341103, 85.154560
V 85.258555, 171.127940, 89.577089
V 90.020535, 169.252147, 89.577089
V 92.509955, 168.589516, 85.154560
V 90.237395, 169.802678, 80.732031
V 85.475415, 171.678472, 80.732031

M
V 83.120938, 172.683675, 76.300208
V 85.475415, 171.678472, 80.732031
V 90.237395, 169.802678, 80.732031
V 92.644897, 168.932088, 76.300208
V 90.290420, 169.937291, 71.868385
V 85.528440, 171.813084, 71.868385

M
V 80.820312, 166.843195, 120.049370
V 82.770037, 164.810469, 124.322734
V 87.532016, 162.934675, 124.322734
V 90.344271, 163.091608, 120.049370
V 88.394546, 165.124334, 115.776005
V 83.632567, 167.000128, 115.776005

M
V 79.509512, 163.515537, 15.373503
V 82.427663, 163.941301, 19.556585
V 87.189642, 162.065508, 19.556585
V 89.033472, 159.763950, 15.373503
V 86.115321, 159.338185, 11.190421
V 81.353342, 161.213979, 11.190421

M
V 81.344842, 168.174792, 32.369482
V 84.105751, 168.201377, 36.678975
V 88.867731, 166.325583, 36.678975
V 90.868801, 164.423204, 32.369482
V 88.107892, 164.396620, 28.059990
V 83.345912, 166.272413, 28.059990

M
V 90.216912, 169.750680, 80.729707
V 92.530409, 168.641443, 85.158293
V 97.292389, 166.765649, 85.158293
V 99.740872, 165.999093, 80.729707
V 97.427375, 167.108330, 76.301121
V 92.665395, 168.984124, 76.301121

M
V 83.091978, 172.610156, 67.438556
V 85.528440, 171.813084, 71.868385
V 90.290420, 169.937291, 71.868385
V 92.615938, 168.858569, 67.438556
V 90.179475, 169.655641, 63.008728
V 85.417496, 171.531435, 63.008728

M
V 80.505797, 166.044754, 23.808287
V 83.345912, 166.272413, 28.059990
V 88.107892, 164.396620, 28.059990
V 90.029757, 162.293167, 23.808287
V 87.189642, 162.065508, 19.556585
V 82.427663, 163.941301, 19.556585

M
V 86.096151, 159.289519, 11.210243
V 89.052819, 159.813065, 15.355007
V 93.814799, 157.937271, 15.355007
V 95.620111, 155.537932, 11.210243
V 92.663443, 155.014386, 7.065478
V 87.901464, 156.890180, 7.065478

M
V 90.269921, 169.885250, 71.868884
V 92.665395, 168.984124, 76.301121
V 97.427375, 167.108330, 76.301121
V 99.793880, 166.133662, 71.868884
V 97.398406, 167.034788, 67.436646
V 92.636426, 168.910582, 67.436646

M
V 82.543064, 171.216656, 49.783607
V 85.142864, 170.834241, 54.175628
V 89.904843, 168.958447, 54.175628
V 92.067023, 167.465069, 49.783607
V 89.467223, 167.847484, 45.391585
V 84.705244, 169.723278, 45.391585

M
V 95.106251, 161.215814, 120.049370
V 97.055976, 159.183088, 124.322734
V 101.817955, 157.307294, 124.322734
V 104.630210, 157.464227, 120.049370
V 102.680485, 159.496953, 115.776005
V 97.918506, 161.372747, 115.776005

M
V 94.165249, 158.826942, 128.531287
V 96.036502, 156.595003, 132.739839
V 100.798482, 154.719210, 132.739839
V 103.689209, 155.075355, 128.531287
V 101.817955, 157.307294, 124.322734
V 97.055976, 159.183088, 124.322734

M
V 103.363755, 161.231534, 107.110693
V 105.433184, 159.502694, 111.460822
V 110.195163, 157.626900, 111.460822
V 112.887714, 157.479946, 107.110693
V 110.818285, 159.208786, 102.760563
V 106.056305, 161.084580, 102.760563

M
V 97.406877, 167.056294, 76.300208
V 99.761354, 166.051091, 80.732031
V 104.523334, 164.175297, 80.732031
V 106.930836, 163.304707, 76.300208
V 104.576359, 164.309910, 71.868385
V 99.814379, 166.185703, 71.868385

M
V 103.906039, 162.608202, 98.373083
V 106.056305, 161.084580, 102.760563
V 110.818285, 159.208786, 102.760563
V 113.429998, 158.856615, 98.373083
V 111.279731, 160.380237, 93.985603
V 106.517752, 162.256030, 93.985603

M
V 104.502851, 164.123299, 80.729707
V 106.816348, 163.014062, 85.158293
V 111.578328, 161.138268, 85.158293
V 114.026811, 160.371712, 80.729707
V 111.713314, 161.480949, 76.301121
V 106.951334, 163.356743, 76.301121

M
V 101.798334, 157.257483, 124.306529
V 103.708673, 155.124770, 128.548838
V 108.470653, 153.248976, 128.548838
V 111.322294, 153.505895, 124.306529
V 109.411955, 155.638609, 120.064219
V 104.649975, 157.514402, 120.064219

M
V 103.732925, 162.168728, 45.400516
V 106.373276, 161.889257, 49.776072
V 111.135255, 160.013463, 49.776072
V 113.256885, 158.417140, 45.400516
V 110.616534, 158.696612, 41.024959
V 105.854554, 160.572405, 41.024959

M
V 93.068602, 156.042942, 136.872859
V 94.862682, 153.615087, 141.005878
V 99.624662, 151.739294, 141.005878
V 102.592562, 152.291355, 136.872859
V 100.798482, 154.719210, 132.739839
V 96.036502, 156.595003, 132.739839

M
V 95.630781, 162.547411, 32.369482
V 98.391690, 162.573996, 36.678975
V 103.153670, 160.698202, 36.678975
V 105.154740, 158.795823, 32.369482
V 102.393831, 158.769238, 28.059990
V 97.631851, 160.645032, 28.059990

M
V 103.133623, 160.647311, 36.690680
V 105.854554, 160.572405, 41.024959
V 110.616534, 158.696612, 41.024959
V 112.657583, 156.895724, 36.690680
V 109.936651, 156.970629, 32.356401
V 105.174672, 158.846423, 32.356401

M
V 104.286060, 163.572943, 89.571948
V 106.517752, 162.256030, 93.985603
V 111.279731, 160.380237, 93.985603
V 113.810020, 159.821356, 89.571948
V 111.578328, 161.138268, 85.158293
V 106.816348, 163.014062, 85.158293

M
V 93.795451, 157.888156, 15.373503
V 96.713602, 158.313920, 19.556585
V 101.475581, 156.438127, 19.556585
V 103.319411, 154.136569, 15.373503
V 100.401260, 153.710804, 11.190421
V 95.639281, 155.586598, 11.190421

M
V 97.377917, 166.982775, 67.438556
V 99.814379, 166.185703, 71.868385
V 104.576359, 164.309910, 71.868385
V 106.901877, 163.231188, 67.438556
V 104.465414, 164.028260, 63.008728
V 99.703435, 165.904054, 63.008728

M
V 99.605739, 151.691256, 140.984360
V 101.361781, 149.166835, 145.075652
V 106.123760, 147.291042, 145.075652
V 109.129699, 147.939668, 140.984360
V 107.373657, 150.464089, 136.893068
V 102.611677, 152.339883, 136.893068

M
V 94.791737, 160.417373, 23.808287
V 97.631851, 160.645032, 28.059990
V 102.393831, 158.769238, 28.059990
V 104.315696, 156.665786, 23.808287
V 101.475581, 156.438127, 19.556585
V 96.713602, 158.313920, 19.556585

M
V 100.382091, 153.662138, 11.210243
V 103.338758, 154.185684, 15.355007
V 108.100738, 152.309890, 15.355007
V 109.906050, 149.910551, 11.210243
V 106.949383, 149.387005, 7.065478
V 102.187403, 151.262799, 7.065478

M
V 97.271934, 166.713722, 85.154560
V 99.544494, 165.500559, 89.577089
V 104.306474, 163.624766, 89.577089
V 106.795894, 162.962135, 85.154560
V 104.523334, 164.175297, 80.732031
V 99.761354, 166.051091, 80.732031

M
V 104.555860, 164.257869, 71.868884
V 106.951334, 163.356743, 76.301121
V 111.713314, 161.480949, 76.301121
V 114.079819, 160.506281, 71.868884
V 111.684345, 161.407407, 67.436646
V 106.922365, 163.283201, 67.436646

M
V 100.779186, 154.670223, 132.720953
V 102.611677, 152.339883, 136.893068
V 107.373657, 150.464089, 136.893068
V 110.303145, 150.918636, 132.720953
V 108.470653, 153.248976, 128.548838
V 103.708673, 155.124770, 128.548838

M
V 101.456069, 156.388592, 19.573743
V 104.335360, 156.715707, 23.792478
V 109.097340, 154.839913, 23.792478
V 110.980029, 152.637005, 19.573743
V 108.100738, 152.309890, 15.355007
V 103.338758, 154.185684, 15.355007

M
V 102.660589, 159.446445, 115.762521
V 104.649975, 157.514402, 120.064219
V 109.411955, 155.638609, 120.064219
V 112.184549, 155.694858, 115.762521
V 110.195163, 157.626900, 111.460822
V 105.433184, 159.502694, 111.460822

M
V 104.170406, 163.279337, 54.181761
V 106.729515, 162.793623, 58.587450
V 111.491495, 160.917829, 58.587450
V 113.694365, 159.527749, 54.181761
V 111.135255, 160.013463, 49.776072
V 106.373276, 161.889257, 49.776072

M
V 96.310447, 164.272843, 41.035280
V 98.991183, 164.095897, 45.391585
V 103.753163, 162.220103, 45.391585
V 105.834406, 160.521256, 41.035280
V 103.153670, 160.698202, 36.678975
V 98.391690, 162.573996, 36.678975

M
V 102.374026, 158.718962, 28.074439
V 105.174672, 158.846423, 32.356401
V 109.936651, 156.970629, 32.356401
V 111.897986, 154.967375, 28.074439
V 109.097340, 154.839913, 23.792478
V 104.335360, 156.715707, 23.792478

M
V 95.889210, 163.203473, 111.448713
V 97.918506, 161.372747, 115.776005
V 102.680485, 159.496953, 115.776005
V 105.413170, 159.451885, 111.448713
V 103.383874, 161.282611, 107.121420
V 98.621895, 163.158404, 107.121420

M
V 96.973433, 165.955932, 93.979058
V 99.164351, 164.535511, 98.381027
V 103.926331, 162.659717, 98.381027
V 106.497392, 162.204345, 93.979058
V 104.306474, 163.624766, 89.577089
V 99.544494, 165.500559, 89.577089

M
V 96.512133, 164.784855, 102.751224
V 98.621895, 163.158404, 107.121420
V 103.383874, 161.282611, 107.121420
V 106.036093, 161.033267, 102.751224
V 103.926331, 162.659717, 98.381027
V 99.164351, 164.535511, 98.381027

M
V 92.644463, 154.966202, 7.086614
V 95.639281, 155.586598, 11.190421
V 100.401260, 153.710804, 11.190421
V 102.168422, 151.214614, 7.086614
V 99.173605, 150.594218, 2.982808
V 94.411625, 152.470012, 2.982808

M
V 97.185129, 166.493354, 58.592178
V 99.703435, 165.904054, 63.008728
V 104.465414, 164.028260, 63.008728
V 106.709088, 162.741766, 58.592178
V 104.190782, 163.331066, 54.175628
V 99.428803, 165.206860, 54.175628

M
V 104.444950, 163.976309, 63.012048
V 106.922365, 163.283201, 67.436646
V 111.684345, 161.407407, 67.436646
V 113.968910, 160.224721, 63.012048
V 111.491495, 160.917829, 58.587450
V 106.729515, 162.793623, 58.587450

M
V 96.829003, 165.589275, 49.783607
V 99.428803, 165.206860, 54.175628
V 104.190782, 163.331066, 54.175628
V 106.352962, 161.837688, 49.783607
V 103.753163, 162.220103, 45.391585
V 98.991183, 164.095897, 45.391585

M
V 110.798072, 159.157474, 102.751224
V 112.907834, 157.531023, 107.121420
V 117.669813, 155.655230, 107.121420
V 120.322032, 155.405886, 102.751224
V 118.212270, 157.032336, 98.381027
V 113.450291, 158.908130, 98.381027

M
V 107.354541, 150.415561, 136.872859
V 109.148621, 147.987706, 141.005878
V 113.910601, 146.111913, 141.005878
V 116.878501, 146.663974, 136.872859
V 115.084421, 149.091829, 132.739839
V 110.322441, 150.967622, 132.739839

M
V 111.663856, 161.355394, 67.438556
V 114.100318, 160.558322, 71.868385
V 118.862298, 158.682529, 71.868385
V 121.187816, 157.603807, 67.438556
V 118.751353, 158.400879, 63.008728
V 113.989374, 160.276673, 63.008728

M
V 117.649694, 155.604153, 107.110693
V 119.719123, 153.875313, 111.460822
V 124.481103, 151.999519, 111.460822
V 127.173653, 151.852565, 107.110693
V 125.104224, 153.581405, 102.760563
V 120.342244, 155.457199, 102.760563

M
V 111.114942, 159.961894, 49.783607
V 113.714742, 159.579479, 54.175628
V 118.476721, 157.703685, 54.175628
V 120.638901, 156.210307, 49.783607
V 118.039102, 156.592722, 45.391585
V 113.277122, 158.468516, 45.391585

M
V 114.668030, 148.034757, 11.210243
V 117.624697, 148.558303, 15.355007
V 122.386677, 146.682509, 15.355007
V 124.191989, 144.283170, 11.210243
V 121.235322, 143.759624, 7.065478
V 116.473342, 145.635418, 7.065478

M
V 110.175149, 157.576092, 111.448713
V 112.204445, 155.745366, 115.776005
V 116.966424, 153.869572, 115.776005
V 119.699109, 153.824504, 111.448713
V 117.669813, 155.655230, 107.121420
V 112.907834, 157.531023, 107.121420

M
V 111.259372, 160.328551, 93.979058
V 113.450291, 158.908130, 98.381027
V 118.212270, 157.032336, 98.381027
V 120.783331, 156.576964, 93.979058
V 118.592413, 157.997385, 89.577089
V 113.830433, 159.873178, 89.577089

M
V 106.930402, 149.338821, 7.086614
V 109.925220, 149.959217, 11.190421
V 114.687199, 148.083423, 11.190421
V 116.454361, 145.587233, 7.086614
V 113.459544, 144.966837, 2.982808
V 108.697564, 146.842631, 2.982808

M
V 111.471068, 160.865972, 58.592178
V 113.989374, 160.276673, 63.008728
V 118.751353, 158.400879, 63.008728
V 120.995027, 157.114385, 58.592178
V 118.476721, 157.703685, 54.175628
V 113.714742, 159.579479, 54.175628

M
V 111.692816, 161.428913, 76.300208
V 114.047293, 160.423710, 80.732031
V 118.809273, 158.547916, 80.732031
V 121.216775, 157.677326, 76.300208
V 118.862298, 158.682529, 71.868385
V 114.100318, 160.558322, 71.868385

M
V 111.557873, 161.086341, 85.154560
V 113.830433, 159.873178, 89.577089
V 118.592413, 157.997385, 89.577089
V 121.081833, 157.334754, 85.154560
V 118.809273, 158.547916, 80.732031
V 114.047293, 160.423710, 80.732031

M
V 116.659965, 153.091581, 28.074439
V 119.460611, 153.219042, 32.356401
V 124.222591, 151.343248, 32.356401
V 126.183925, 149.339994, 28.074439
V 123.383279, 149.212532, 23.792478
V 118.621299, 151.088326, 23.792478

M
V 109.916720, 156.920030, 32.369482
V 112.677629, 156.946615, 36.678975
V 117.439609, 155.070821, 36.678975
V 119.440679, 153.168442, 32.369482
V 116.679770, 153.141857, 28.059990
V 111.917790, 155.017651, 28.059990

M
V 118.788790, 158.495918, 80.729707
V 121.102287, 157.386681, 85.158293
V 125.864267, 155.510887, 85.158293
V 128.312750, 154.744331, 80.729707
V 125.999253, 155.853568, 76.301121
V 121.237273, 157.729362, 76.301121

M
V 118.841799, 158.630488, 71.868884
V 121.237273, 157.729362, 76.301121
V 125.999253, 155.853568, 76.301121
V 128.365758, 154.878900, 71.868884
V 125.970284, 155.780026, 67.436646
V 121.208304, 157.655820, 67.436646

M
V 109.077676, 154.789992, 23.808287
V 111.917790, 155.017651, 28.059990
V 116.679770, 153.141857, 28.059990
V 118.601635, 151.038405, 23.808287
V 115.761520, 150.810746, 19.556585
V 110.999541, 152.686539, 19.556585

M
V 117.419562, 155.019930, 36.690680
V 120.140493, 154.945024, 41.024959
V 124.902473, 153.069231, 41.024959
V 126.943522, 151.268343, 36.690680
V 124.222591, 151.343248, 32.356401
V 119.460611, 153.219042, 32.356401

M
V 118.730889, 158.348928, 63.012048
V 121.208304, 157.655820, 67.436646
V 125.970284, 155.780026, 67.436646
V 128.254849, 154.597340, 63.012048
V 125.777434, 155.290448, 58.587450
V 121.015454, 157.166242, 58.587450

M
V 109.392190, 155.588433, 120.049370
V 111.341915, 153.555706, 124.322734
V 116.103894, 151.679913, 124.322734
V 118.916149, 151.836846, 120.049370
V 116.966424, 153.869572, 115.776005
V 112.204445, 155.745366, 115.776005

M
V 118.571999, 157.945562, 89.571948
V 120.803691, 156.628649, 93.985603
V 125.565671, 154.752856, 93.985603
V 128.095959, 154.193974, 89.571948
V 125.864267, 155.510887, 85.158293
V 121.102287, 157.386681, 85.158293

M
V 108.451188, 153.199561, 128.531287
V 110.322441, 150.967622, 132.739839
V 115.084421, 149.091829, 132.739839
V 117.975148, 149.447974, 128.531287
V 116.103894, 151.679913, 124.322734
V 111.341915, 153.555706, 124.322734

M
V 110.596386, 158.645462, 41.035280
V 113.277122, 158.468516, 45.391585
V 118.039102, 156.592722, 45.391585
V 120.120345, 154.893875, 41.035280
V 117.439609, 155.070821, 36.678975
V 112.677629, 156.946615, 36.678975

M
V 108.081390, 152.260775, 15.373503
V 110.999541, 152.686539, 19.556585
V 115.761520, 150.810746, 19.556585
V 117.605350, 148.509187, 15.373503
V 114.687199, 148.083423, 11.190421
V 109.925220, 149.959217, 11.190421

M
V 115.742008, 150.761211, 19.573743
V 118.621299, 151.088326, 23.792478
V 123.383279, 149.212532, 23.792478
V 125.265968, 147.009624, 19.573743
V 122.386677, 146.682509, 15.355007
V 117.624697, 148.558303, 15.355007

M
V 113.891678, 146.063875, 140.984360
V 115.647720, 143.539454, 145.075652
V 120.409699, 141.663661, 145.075652
V 123.415638, 142.312287, 140.984360
V 121.659596, 144.836708, 136.893068
V 116.897616, 146.712502, 136.893068

M
V 118.018864, 156.541347, 45.400516
V 120.659215, 156.261876, 49.776072
V 125.421194, 154.386082, 49.776072
V 127.542824, 152.789759, 45.400516
V 124.902473, 153.069231, 41.024959
V 120.140493, 154.945024, 41.024959

M
V 115.065125, 149.042842, 132.720953
V 116.897616, 146.712502, 136.893068
V 121.659596, 144.836708, 136.893068
V 124.589084, 145.291255, 132.720953
V 122.756592, 147.621595, 128.548838
V 117.994613, 149.497389, 128.548838

M
V 118.456345, 157.651956, 54.181761
V 121.015454, 157.166242, 58.587450
V 125.777434, 155.290448, 58.587450
V 127.980304, 153.900368, 54.181761
V 125.421194, 154.386082, 49.776072
V 120.659215, 156.261876, 49.776072

M
V 116.084273, 151.630102, 124.306529
V 117.994613, 149.497389, 128.548838
V 122.756592, 147.621595, 128.548838
V 125.608233, 147.878514, 124.306529
V 123.697894, 150.011228, 120.064219
V 118.935914, 151.887021, 120.064219

M
V 116.946529, 153.819064, 115.762521
V 118.935914, 151.887021, 120.064219
V 123.697894, 150.011228, 120.064219
V 126.470488, 150.067477, 115.762521
V 124.481103, 151.999519, 111.460822
V 119.719123, 153.875313, 111.460822

M
V 118.191978, 156.980821, 98.373083
V 120.342244, 155.457199, 102.760563
V 125.104224, 153.581405, 102.760563
V 127.715937, 153.229234, 98.373083
V 125.565671, 154.752856, 93.985603
V 120.803691, 156.628649, 93.985603

M
V 124.355795, 149.694112, 120.049370
V 126.305520, 147.661386, 124.322734
V 131.067500, 145.785592, 124.322734
V 133.879755, 145.942525, 120.049370
V 131.930030, 147.975251, 115.776005
V 127.168050, 149.851045, 115.776005

M
V 121.894007, 143.444500, 7.086614
V 124.888825, 144.064896, 11.190421
V 129.650805, 142.189102, 11.190421
V 131.417967, 139.692912, 7.086614
V 128.423149, 139.072516, 2.982808
V 123.661169, 140.948310, 2.982808

M
V 124.880325, 151.025709, 32.369482
V 127.641234, 151.052294, 36.678975
V 132.403214, 149.176500, 36.678975
V 134.404284, 147.274121, 32.369482
V 131.643375, 147.247537, 28.059990
V 126.881395, 149.123330, 28.059990

M
V 133.805404, 152.736167, 71.868884
V 136.200878, 151.835041, 76.301121
V 140.962858, 149.959247, 76.301121
V 143.329363, 148.984579, 71.868884
V 140.933889, 149.885705, 67.436646
V 136.171909, 151.761499, 67.436646

M
V 126.078547, 154.067573, 49.783607
V 128.678347, 153.685158, 54.175628
V 133.440327, 151.809364, 54.175628
V 135.602507, 150.315986, 49.783607
V 133.002707, 150.698401, 45.391585
V 128.240727, 152.574195, 45.391585

M
V 122.318147, 144.521240, 136.872859
V 124.112227, 142.093385, 141.005878
V 128.874206, 140.217592, 141.005878
V 131.842106, 140.769653, 136.872859
V 130.048026, 143.197508, 132.739839
V 125.286047, 145.073301, 132.739839

M
V 132.383168, 149.125609, 36.690680
V 135.104099, 149.050703, 41.024959
V 139.866078, 147.174910, 41.024959
V 141.907127, 145.374022, 36.690680
V 139.186196, 145.448928, 32.356401
V 134.424216, 147.324721, 32.356401

M
V 126.627462, 155.461073, 67.438556
V 129.063924, 154.664001, 71.868385
V 133.825904, 152.788208, 71.868385
V 136.151421, 151.709486, 67.438556
V 133.714959, 152.506558, 63.008728
V 128.952979, 154.382352, 63.008728

M
V 133.155583, 151.086500, 98.373083
V 135.305850, 149.562878, 102.760563
V 140.067829, 147.687084, 102.760563
V 142.679542, 147.334913, 98.373083
V 140.529276, 148.858535, 93.985603
V 135.767296, 150.734328, 93.985603

M
V 133.419950, 151.757635, 54.181761
V 135.979060, 151.271921, 58.587450
V 140.741039, 149.396127, 58.587450
V 142.943909, 148.006047, 54.181761
V 140.384800, 148.491761, 49.776072
V 135.622820, 150.367555, 49.776072

M
V 130.705614, 144.866890, 19.573743
V 133.584905, 145.194005, 23.792478
V 138.346884, 143.318211, 23.792478
V 140.229573, 141.115303, 19.573743
V 137.350282, 140.788188, 15.355007
V 132.588302, 142.663982, 15.355007

M
V 123.414794, 147.305240, 128.531287
V 125.286047, 145.073301, 132.739839
V 130.048026, 143.197508, 132.739839
V 132.938753, 143.553653, 128.531287
V 131.067500, 145.785592, 124.322734
V 126.305520, 147.661386, 124.322734

M
V 130.028730, 143.148521, 132.720953
V 131.861222, 140.818181, 136.893068
V 136.623201, 138.942387, 136.893068
V 139.552689, 139.396934, 132.720953
V 137.720198, 141.727274, 128.548838
V 132.958218, 143.603068, 128.548838

M
V 125.138755, 151.681771, 111.448713
V 127.168050, 149.851045, 115.776005
V 131.930030, 147.975251, 115.776005
V 134.662714, 147.930183, 111.448713
V 132.633419, 149.760909, 107.121420
V 127.871439, 151.636703, 107.121420

M
V 131.047879, 145.735781, 124.306529
V 132.958218, 143.603068, 128.548838
V 137.720198, 141.727274, 128.548838
V 140.571838, 141.984194, 124.306529
V 138.661499, 144.116907, 120.064219
V 133.899519, 145.992700, 120.064219

M
V 133.535605, 152.051241, 89.571948
V 135.767296, 150.734328, 93.985603
V 140.529276, 148.858535, 93.985603
V 143.059564, 148.299654, 89.571948
V 140.827872, 149.616566, 85.158293
V 136.065893, 151.492360, 85.158293

M
V 132.613299, 149.709832, 107.110693
V 134.682728, 147.980992, 111.460822
V 139.444708, 146.105198, 111.460822
V 142.137258, 145.958244, 107.110693
V 140.067829, 147.687084, 102.760563
V 135.305850, 149.562878, 102.760563

M
V 126.222977, 154.434230, 93.979058
V 128.413896, 153.013809, 98.381027
V 133.175876, 151.138016, 98.381027
V 135.746937, 150.682643, 93.979058
V 133.556018, 152.103064, 89.577089
V 128.794038, 153.978857, 89.577089

M
V 128.855284, 140.169554, 140.984360
V 130.611325, 137.645133, 145.075652
V 135.373305, 135.769340, 145.075652
V 138.379243, 136.417966, 140.984360
V 136.623201, 138.942387, 136.893068
V 131.861222, 140.818181, 136.893068

M
V 133.694495, 152.454607, 63.012048
V 136.171909, 151.761499, 67.436646
V 140.933889, 149.885705, 67.436646
V 143.218454, 148.703019, 63.012048
V 140.741039, 149.396127, 58.587450
V 135.979060, 151.271921, 58.587450

M
V 126.521479, 155.192020, 85.154560
V 128.794038, 153.978857, 89.577089
V 133.556018, 152.103064, 89.577089
V 136.045438, 151.440433, 85.154560
V 133.772878, 152.653595, 80.732031
V 129.010899, 154.529389, 80.732031

M
V 125.559991, 152.751141, 41.035280
V 128.240727, 152.574195, 45.391585
V 133.002707, 150.698401, 45.391585
V 135.083950, 148.999554, 41.035280
V 132.403214, 149.176500, 36.678975
V 127.641234, 151.052294, 36.678975

M
V 126.656421, 155.534592, 76.300208
V 129.010899, 154.529389, 80.732031
V 133.772878, 152.653595, 80.732031
V 136.180381, 151.783005, 76.300208
V 133.825904, 152.788208, 71.868385
V 129.063924, 154.664001, 71.868385

M
V 132.982470, 150.647026, 45.400516
V 135.622820, 150.367555, 49.776072
V 140.384800, 148.491761, 49.776072
V 142.506429, 146.895438, 45.400516
V 139.866078, 147.174910, 41.024959
V 135.104099, 149.050703, 41.024959

M
V 126.434673, 154.971652, 58.592178
V 128.952979, 154.382352, 63.008728
V 133.714959, 152.506558, 63.008728
V 135.958633, 151.220064, 58.592178
V 133.440327, 151.809364, 54.175628
V 128.678347, 153.685158, 54.175628

M
V 123.044996, 146.366454, 15.373503
V 125.963146, 146.792218, 19.556585
V 130.725126, 144.916425, 19.556585
V 132.568955, 142.614867, 15.373503
V 129.650805, 142.189102, 11.190421
V 124.888825, 144.064896, 11.190421

M
V 129.631635, 142.140436, 11.210243
V 132.588302, 142.663982, 15.355007
V 137.350282, 140.788188, 15.355007
V 139.155594, 138.388849, 11.210243
V 136.198927, 137.865303, 7.065478
V 131.436947, 139.741097, 7.065478

M
V 125.761678, 153.263153, 102.751224
V 127.871439, 151.636703, 107.121420
V 132.633419, 149.760909, 107.121420
V 135.285637, 149.511565, 102.751224
V 133.175876, 151.138016, 98.381027
V 128.413896, 153.013809, 98.381027

M
V 133.752396, 152.601597, 80.729707
V 136.065893, 151.492360, 85.158293
V 140.827872, 149.616566, 85.158293
V 143.276355, 148.850010, 80.729707
V 140.962858, 149.959247, 76.301121
V 136.200878, 151.835041, 76.301121

M
V 131.910134, 147.924743, 115.762521
V 133.899519, 145.992700, 120.064219
V 138.661499, 144.116907, 120.064219
V 141.434093, 144.173156, 115.762521
V 139.444708, 146.105198, 111.460822
V 134.682728, 147.980992, 111.460822

M
V 131.623571, 147.197260, 28.074439
V 134.424216, 147.324721, 32.356401
V 139.186196, 145.448928, 32.356401
V 141.147530, 143.445673, 28.074439
V 138.346884, 143.318211, 23.792478
V 133.584905, 145.194005, 23.792478

M
V 124.041281, 148.895671, 23.808287
V 126.881395, 149.123330, 28.059990
V 131.643375, 147.247537, 28.059990
V 133.565240, 145.144084, 23.808287
V 130.725126, 144.916425, 19.556585
V 125.963146, 146.792218, 19.556585

M
V 139.166264, 145.398328, 32.369482
V 141.927173, 145.424913, 36.678975
V 146.689153, 143.549119, 36.678975
V 148.690223, 141.646740, 32.369482
V 145.929314, 141.620155, 28.059990
V 141.167334, 143.495949, 28.059990

M
V 138.641734, 144.066731, 120.049370
V 140.591459, 142.034005, 124.322734
V 145.353439, 140.158211, 124.322734
V 148.165694, 140.315144, 120.049370
V 146.215969, 142.347870, 115.776005
V 141.453989, 144.223664, 115.776005

M
V 139.845930, 147.123760, 41.035280
V 142.526666, 146.946814, 45.391585
V 147.288646, 145.071020, 45.391585
V 149.369889, 143.372173, 41.035280
V 146.689153, 143.549119, 36.678975
V 141.927173, 145.424913, 36.678975

M
V 139.424694, 146.054390, 111.448713
V 141.453989, 144.223664, 115.776005
V 146.215969, 142.347870, 115.776005
V 148.948653, 142.302802, 111.448713
V 146.919358, 144.133528, 107.121420
V 142.157378, 146.009321, 107.121420

M
V 147.980434, 146.827226, 63.012048
V 150.457848, 146.134118, 67.436646
V 155.219828, 144.258324, 67.436646
V 157.504393, 143.075638, 63.012048
V 155.026978, 143.768746, 58.587450
V 150.264999, 145.644540, 58.587450

M
V 140.720612, 149.344271, 58.592178
V 143.238918, 148.754971, 63.008728
V 148.000898, 146.879177, 63.008728
V 150.244572, 145.592683, 58.592178
V 147.726266, 146.181983, 54.175628
V 142.964286, 148.057777, 54.175628

M
V 137.330935, 140.739073, 15.373503
V 140.249085, 141.164837, 19.556585
V 145.011065, 139.289044, 19.556585
V 146.854894, 136.987486, 15.373503
V 143.936744, 136.561721, 11.190421
V 139.174764, 138.437515, 11.190421

M
V 137.700733, 141.677859, 128.531287
V 139.571986, 139.445920, 132.739839
V 144.333965, 137.570127, 132.739839
V 147.224692, 137.926272, 128.531287
V 145.353439, 140.158211, 124.322734
V 140.591459, 142.034005, 124.322734

M
V 146.899238, 144.082451, 107.110693
V 148.968667, 142.353611, 111.460822
V 153.730647, 140.477817, 111.460822
V 156.423197, 140.330863, 107.110693
V 154.353768, 142.059703, 102.760563
V 149.591789, 143.935497, 102.760563

M
V 147.821544, 146.423860, 89.571948
V 150.053235, 145.106947, 93.985603
V 154.815215, 143.231154, 93.985603
V 157.345503, 142.672273, 89.571948
V 155.113811, 143.989185, 85.158293
V 150.351832, 145.864979, 85.158293

M
V 140.807418, 149.564639, 85.154560
V 143.079978, 148.351476, 89.577089
V 147.841957, 146.475683, 89.577089
V 150.331377, 145.813052, 85.154560
V 148.058817, 147.026214, 80.732031
V 143.296838, 148.902008, 80.732031

M
V 148.038335, 146.974216, 80.729707
V 150.351832, 145.864979, 85.158293
V 155.113811, 143.989185, 85.158293
V 157.562294, 143.222629, 80.729707
V 155.248797, 144.331866, 76.301121
V 150.486817, 146.207660, 76.301121

M
V 140.942360, 149.907211, 76.300208
V 143.296838, 148.902008, 80.732031
V 148.058817, 147.026214, 80.732031
V 150.466320, 146.155624, 76.300208
V 148.111843, 147.160827, 71.868385
V 143.349863, 149.036620, 71.868385

M
V 136.179946, 137.817119, 7.086614
V 139.174764, 138.437515, 11.190421
V 143.936744, 136.561721, 11.190421
V 145.703906, 134.065531, 7.086614
V 142.709088, 133.445135, 2.982808
V 137.947108, 135.320929, 2.982808

M
V 140.913401, 149.833692, 67.438556
V 143.349863, 149.036620, 71.868385
V 148.111843, 147.160827, 71.868385
V 150.437360, 146.082105, 67.438556
V 148.000898, 146.879177, 63.008728
V 143.238918, 148.754971, 63.008728

M
V 148.091343, 147.108786, 71.868884
V 150.486817, 146.207660, 76.301121
V 155.248797, 144.331866, 76.301121
V 157.615302, 143.357198, 71.868884
V 155.219828, 144.258324, 67.436646
V 150.457848, 146.134118, 67.436646

M
V 140.508916, 148.806849, 93.979058
V 142.699835, 147.386428, 98.381027
V 147.461815, 145.510635, 98.381027
V 150.032876, 145.055262, 93.979058
V 147.841957, 146.475683, 89.577089
V 143.079978, 148.351476, 89.577089

M
V 143.917574, 136.513055, 11.210243
V 146.874241, 137.036601, 15.355007
V 151.636221, 135.160807, 15.355007
V 153.441533, 132.761468, 11.210243
V 150.484866, 132.237922, 7.065478
V 145.722886, 134.113716, 7.065478

M
V 138.327220, 143.268290, 23.808287
V 141.167334, 143.495949, 28.059990
V 145.929314, 141.620155, 28.059990
V 147.851179, 139.516703, 23.808287
V 145.011065, 139.289044, 19.556585
V 140.249085, 141.164837, 19.556585

M
V 140.364486, 148.440192, 49.783607
V 142.964286, 148.057777, 54.175628
V 147.726266, 146.181983, 54.175628
V 149.888446, 144.688605, 49.783607
V 147.288646, 145.071020, 45.391585
V 142.526666, 146.946814, 45.391585

M
V 140.047617, 147.635772, 102.751224
V 142.157378, 146.009321, 107.121420
V 146.919358, 144.133528, 107.121420
V 149.571576, 143.884184, 102.751224
V 147.461815, 145.510635, 98.381027
V 142.699835, 147.386428, 98.381027

M
V 136.604086, 138.893859, 136.872859
V 138.398166, 136.466004, 141.005878
V 143.160145, 134.590211, 141.005878
V 146.128045, 135.142272, 136.872859
V 144.333965, 137.570127, 132.739839
V 139.571986, 139.445920, 132.739839

M
V 144.991553, 139.239509, 19.573743
V 147.870844, 139.566624, 23.792478
V 152.632824, 137.690830, 23.792478
V 154.515512, 135.487922, 19.573743
V 151.636221, 135.160807, 15.355007
V 146.874241, 137.036601, 15.355007

M
V 144.314669, 137.521140, 132.720953
V 146.147161, 135.190800, 136.893068
V 150.909140, 133.315006, 136.893068
V 153.838628, 133.769553, 132.720953
V 152.006137, 136.099893, 128.548838
V 147.244157, 137.975687, 128.548838

M
V 147.268409, 145.019645, 45.400516
V 149.908759, 144.740174, 49.776072
V 154.670739, 142.864380, 49.776072
V 156.792368, 141.268057, 45.400516
V 154.152017, 141.547529, 41.024959
V 149.390038, 143.423322, 41.024959

M
V 145.909510, 141.569879, 28.074439
V 148.710155, 141.697340, 32.356401
V 153.472135, 139.821547, 32.356401
V 155.433469, 137.818292, 28.074439
V 152.632824, 137.690830, 23.792478
V 147.870844, 139.566624, 23.792478

M
V 143.141223, 134.542173, 140.984360
V 144.897264, 132.017752, 145.075652
V 149.659244, 130.141959, 145.075652
V 152.665182, 130.790585, 140.984360
V 150.909140, 133.315006, 136.893068
V 146.147161, 135.190800, 136.893068

M
V 146.669107, 143.498228, 36.690680
V 149.390038, 143.423322, 41.024959
V 154.152017, 141.547529, 41.024959
V 156.193066, 139.746641, 36.690680
V 153.472135, 139.821547, 32.356401
V 148.710155, 141.697340, 32.356401

M
V 147.705889, 146.130254, 54.181761
V 150.264999, 145.644540, 58.587450
V 155.026978, 143.768746, 58.587450
V 157.229848, 142.378666, 54.181761
V 154.670739, 142.864380, 49.776072
V 149.908759, 144.740174, 49.776072

M
V 147.441522, 145.459119, 98.373083
V 149.591789, 143.935497, 102.760563
V 154.353768, 142.059703, 102.760563
V 156.965481, 141.707532, 98.373083
V 154.815215, 143.231154, 93.985603
V 150.053235, 145.106947, 93.985603

M
V 145.333818, 140.108400, 124.306529
V 147.244157, 137.975687, 128.548838
V 152.006137, 136.099893, 128.548838
V 154.857777, 136.356812, 124.306529
V 152.947438, 138.489526, 120.064219
V 148.185458, 140.365319, 120.064219

M
V 146.196073, 142.297362, 115.762521
V 148.185458, 140.365319, 120.064219
V 152.947438, 138.489526, 120.064219
V 155.720032, 138.545775, 115.762521
V 153.730647, 140.477817, 111.460822
V 148.968667, 142.353611, 111.460822

